# Avida Average Data
# Thu Jan 31 20:05:34 2019
#  1: Update
#  2: Merit
#  3: Gestation Time
#  4: Fitness
#  5: Repro Rate?
#  6: (deprecated) Size
#  7: Copied Size
#  8: Executed Size
#  9: (deprecated) Abundance
# 10: Proportion of organisms that gave birth in this update
# 11: Proportion of Breed True Organisms
# 12: (deprecated) Genotype Depth
# 13: Generation
# 14: Neutral Metric
# 15: Lineage Label
# 16: True Replication Rate (based on births/update, time-averaged)

0 97 389 0 0 0 100 97 0 1 1 0 0 0 0 0 
100 94.5862 383.466 0.245715 0 0 99.1379 94.5862 0 0 0 0 6.86207 3.60725 0 0 
200 95.14 406.96 0.238005 0 0 105.65 99.31 0 0.04 0.02 0 14.81 3.03086 0 0 
300 93.12 380.72 0.244121 0 0 99.47 93.12 0 0.02 0 0 22.76 4.07004 0 0 
400 93.0808 379.899 0.244668 0 0 100.081 93.0808 0 0.0505051 0.010101 0 30.697 1.8153 0 0 
500 95.65 386.55 0.24671 0 0 102.13 95.65 0 0.07 0.02 0 38.73 2.72967 0 0.157196 
600 96.27 393.73 0.244352 0 0 103.68 96.27 0 0.03 0.01 0 46.18 3.39432 0 0.156846 
700 98.46 414.72 0.24003 0 0 106.84 101.17 0 0.03 0.01 0 53.37 5.21173 0 0.155148 
800 102.26 434.31 0.244482 0 0 113.15 107.59 0 0.06 0.02 0 61.29 5.71459 0 0.153162 
900 93.06 377.91 0.245579 0 0 100.22 93.06 0 0.02 0.01 0 69.67 6.03966 0 0.153165 
1000 96.93 385.41 0.251311 0 0 102.79 96.97 0 0.04 0.02 0 76.91 7.07342 0 0.153634 
1100 99.2 411.64 0.243412 0 0 105.96 101.61 0 0.03 0 0 85.14 5.39362 0 0.155017 
1200 101.5 406.31 0.250782 0 0 107.79 102.08 0 0.03 0.01 0 92.96 7.03993 0 0.156792 
1300 97.05 384.78 0.251588 0 0 102.83 97.05 0 0.04 0.02 0 100.96 5.01757 0 0.157249 
1400 99.71 392.22 0.253612 0 0 105.25 99.71 0 0.1 0 0 108.78 5.5843 0 0.154951 
1500 101.13 392.34 0.258286 0 0 106.7 101.2 0 0.02 0 0 117.04 4.66377 0 0.156954 
1600 100.26 391.15 0.256119 0 0 105.87 100.29 0 0.01 0.01 0 124.64 5.0904 0 0.157514 
1700 98.57 385.35 0.255435 0 0 105.1 98.6 0 0.07 0.04 0 131.85 6.45632 0 0.157935 
1800 99.25 385.82 0.258703 0 0 105.38 100.15 0 0.06 0.03 0 139.78 6.53979 0 0.159466 
1900 95.0707 379.293 0.254627 0 0 102.808 97.798 0 0.030303 0 0 147.505 5.831 0 0.162825 
2000 94.29 367.7 0.256561 0 0 100.68 94.29 0 0.01 0.01 0 156.79 3.05331 0 0.161246 
2100 93.46 362.62 0.257741 0 0 100.47 93.46 0 0.07 0.02 0 165.7 4.93418 0 0.161077 
2200 94.65 363.75 0.260821 0 0 100.28 94.65 0 0.01 0 0 174.81 5.97753 0 0.160586 
2300 89.74 348.11 0.257541 0 0 95.67 89.74 0 0.04 0 0 183.96 5.23734 0 0.161004 
2400 91.39 349.99 0.262474 0 0 96.71 92.37 0 0.05 0.03 0 192.92 0.851061 0 0.159857 
2500 89.41 338.85 0.263191 0 0 94.78 89.41 0 0.05 0.01 0 203.2 -0.86873 0 0.161253 
2600 90.22 339.83 0.265248 0 0 94.67 90.22 0 0.06 0.01 0 211.97 -3.57177 0 0.16312 
2700 89.65 342.42 0.262716 0 0 95.3 90.49 0 0.03 0.02 0 221.31 -5.27605 0 0.165322 
2800 90.36 339.01 0.266507 0 0 95.59 90.36 0 0.04 0.01 0 230.38 -8.50044 0 0.167435 
2900 89.04 337.22 0.263403 0 0 94.45 89.04 0 0.08 0.02 0 239.31 -8.76275 0 0.167416 
3000 89.97 341.94 0.263442 0 0 95.08 89.97 0 0.04 0.01 0 248.23 -8.20527 0 0.167906 
3100 88.05 338.72 0.260455 0 0 94.8 88.05 0 0.02 0 0 257.25 -8.88023 0 0.166068 
3200 88.45 334.27 0.263572 0 0 94.15 88.45 0 0.12 0.02 0 266.04 -6.28535 0 0.16574 
3300 89.66 337.97 0.264847 0 0 94.9 89.66 0 0.08 0.01 0 275.29 -6.52693 0 0.164542 
3400 92.21 345.54 0.266485 0 0 97.35 92.21 0 0.04 0.02 0 284.23 -6.59976 0 0.166889 
3500 88.55 338 0.260954 0 0 95.3 88.55 0 0.07 0.04 0 293.07 -2.50675 0 0.167142 
3600 90.22 338.71 0.265959 0 0 96.18 90.22 0 0.05 0.03 0 301.72 -0.247583 0 0.166873 
3700 89.56 340.84 0.262691 0 0 95.82 89.56 0 0.09 0.04 0 310.63 -0.0586283 0 0.165715 
3800 91.18 341.99 0.266689 0 0 97.14 91.18 0 0.06 0.03 0 319.31 -0.64242 0 0.165322 
3900 91.85 345.69 0.265587 0 0 97.62 91.85 0 0.06 0.02 0 328.4 0.458828 0 0.1644 
4000 88.13 338.97 0.258894 0 0 95.16 88.13 0 0.07 0.01 0 337.28 -0.0472172 0 0.16323 
4100 89.91 341.44 0.262599 0 0 95.72 89.91 0 0.02 0.01 0 346.25 0.0257623 0 0.162944 
4200 89.53 355.97 0.256084 0 0 96.29 89.53 0 0.12 0.06 0 355.45 -3.34349 0 0.15946 
4300 92.59 339.87 0.272645 0 0 96.42 90.79 0 0.08 0.06 0 364.83 -4.12869 0 0.161102 
4400 105.04 340.52 0.308949 0 0 96.14 89.86 0 0.02 0 0 373.75 -4.07107 0 0.164454 
4500 146.22 335.42 0.435507 0 0 95.51 89.3 0 0.06 0.03 0 386.68 -3.90951 0 0.176846 
4600 156.697 334.303 0.468569 0 0 95.7677 88.7879 0 0.0808081 0.030303 0 398.182 -2.84198 0 0.203002 
4700 179.63 340.65 0.528607 0 0 96.59 90.13 0 0.05 0.01 0 409.57 -1.53644 0 0.234255 
4800 259.31 337.73 0.764032 0 0 95.18 89.7 0 0.13 0.06 0 422.19 3.7602 0 0.277958 
4900 283.3 341.32 0.829194 0 0 96.19 91.03 0 0.07 0.03 0 435.15 2.89671 0 0.33803 
5000 308.23 338.94 0.907041 0 0 95.8 89.79 0 0.15 0.05 0 446.89 1.23778 0 0.40371 
5100 307.11 339.85 0.90289 0 0 95.93 89.89 0 0.01 0.01 0 457.25 6.73434 0 0.461617 
5200 311.35 339.96 0.915627 0 0 95.1 89.21 0 0.03 0 0 468.04 7.52661 0 0.510521 
5300 326.58 341.2 0.956641 0 0 95.38 90.08 0 0.04 0.02 0 479.2 7.49966 0 0.549011 
5400 368.81 336.27 1.09593 0 0 94.35 87.31 0 0.06 0.02 0 490.41 4.83969 0 0.583648 
5500 496.42 342.12 1.45936 0 0 96.13 89.24 0 0.05 0 0 504.51 2.71588 0 0.638837 
5600 604.65 342.07 1.76391 0 0 96.16 89.78 0 0.03 0.02 0 519.43 3.54609 0 0.726083 
5700 642.76 342.99 1.86899 0 0 96.78 89 0 0.04 0.01 0 531 4.18924 0 0.867409 
5800 628.98 345.18 1.8231 0 0 97.67 90.34 0 0.06 0 0 540.86 4.22599 0 0.980431 
5900 678.24 347.11 1.95451 0 0 98.27 90.51 0 0.06 0.04 0 551.34 3.85514 0 1.08539 
6000 638.65 350.14 1.83537 0 0 97.6 91.07 0 0.05 0.02 0 560.77 2.55178 0 1.16213 
6100 653.61 348.58 1.87673 0 0 96.75 89.91 0 0.04 0.01 0 570.85 2.60271 0 1.19815 
6200 646.23 346.64 1.85479 0 0 97.22 90.93 0 0.03 0.01 0 580.23 4.00606 0 1.1772 
6300 665.88 354.58 1.88274 0 0 96.78 89.28 0 0.05 0.01 0 590.05 1.27651 0 1.18815 
6400 748.17 352.26 2.13501 0 0 96.32 89.45 0 0.06 0 0 600.4 -1.98515 0 1.19769 
6500 812.01 345.515 2.34662 0 0 96.7374 89.7071 0 0.0505051 0.020202 0 612.384 -2.30621 0 1.22401 
6600 857.242 351.354 2.45693 0 0 96.4444 88.7677 0 0.0606061 0.030303 0 628.071 -2.53522 0 1.2695 
6700 1117.3 352.42 3.18897 0 0 97.69 90.83 0 0.03 0.01 0 643.38 -3.12134 0 1.39837 
6800 1141.4 346.29 3.29742 0 0 96.74 89.32 0 0.05 0.02 0 657.93 -3.02863 0 1.60729 
6900 1204.46 343.475 3.49513 0 0 95.8485 88.7071 0 0.0606061 0.010101 0 670.182 -2.91217 0 1.79425 
7000 1236.84 352.66 3.56798 0 0 96.24 88.28 0 0.01 0.01 0 681.28 -3.98444 0 1.97262 
7100 1200.05 341.95 3.50102 0 0 95.52 87.81 0 0.06 0.03 0 691.45 -6.06931 0 2.15686 
7200 1195.66 349.38 3.44794 0 0 95.28 86.75 0 0.05 0.01 0 701.36 -5.88252 0 2.22243 
7300 1224.62 348.92 3.57644 0 0 94.79 87.71 0 0.14 0.05 0 712.1 -5.49902 0 2.21319 
7400 1179.34 338.46 3.48287 0 0 94.65 87.47 0 0.12 0.04 0 722.91 -3.44991 0 2.23873 
7500 1312.45 338.03 3.88238 0 0 94.6 87.64 0 0.06 0.03 0 733.15 -3.48012 0 2.24711 
7600 1328.14 333.01 3.98349 0 0 93.25 85.51 0 0.07 0.03 0 743.13 -2.62912 0 2.25143 
7700 1164.37 327.28 3.5494 0 0 90.96 83.35 0 0.03 0.02 0 753.25 -7.28269 0 2.28588 
7800 1238.82 326.39 3.78827 0 0 91.91 84.35 0 0.03 0.01 0 763.63 -11.1312 0 2.28613 
7900 1203.93 334.19 3.60193 0 0 92.47 85.71 0 0.07 0.03 0 773.79 -12.5982 0 2.31042 
8000 1218.85 340.32 3.59021 0 0 93.33 87.72 0 0.09 0.06 0 784.17 -12.8564 0 2.32198 
8100 1249.44 337.14 3.71907 0 0 94.03 87.08 0 0.07 0.02 0 795.02 -14.7323 0 2.2959 
8200 1303.04 335.354 3.88624 0 0 94.0404 86.0808 0 0.0707071 0.040404 0 805.091 -15.0338 0 2.30956 
8300 1167.69 333.71 3.49036 0 0 93.31 84.85 0 0.05 0.03 0 815.54 -16.7326 0 2.31829 
8400 1191.29 337.19 3.53986 0 0 93.35 86.88 0 0.08 0.01 0 826.31 -19.104 0 2.30393 
8500 1271.3 331.51 3.83355 0 0 92.14 86.07 0 0.1 0.06 0 837.28 -19.3481 0 2.27975 
8600 1336.87 324.75 4.08153 0 0 89.51 83 0 0.13 0.03 0 849.46 -18.3659 0 2.31818 
8700 1558.56 333.22 4.69623 0 0 90.6 84.42 0 0.04 0.02 0 863.71 -14.6745 0 2.42123 
8800 3673.07 333.59 11.1182 0 0 92.26 85.3 0 0.05 0.03 0 882.26 -13.7067 0 2.67902 
8900 15548.9 322.01 48.3895 0 0 89.68 82.81 0 0.06 0.01 0 912.8 -2.10055 0 6.61249 
9000 17890.6 321.67 55.767 0 0 90.42 83.39 0 0.08 0.05 0 927.21 -3.8586 0 12.558 
9100 17658.3 326.18 54.0811 0 0 90.99 84.18 0 0.07 0.02 0 939.63 -5.31954 0 18.5168 
9200 15593 321.2 48.57 0 0 90.72 83.45 0 0.06 0.03 0 951.08 -3.40251 0 24.8718 
9300 18152.8 321.65 56.4436 0 0 90.11 83.24 0 0.08 0.03 0 964.09 -4.74757 0 30.4887 
9400 15037.3 322.99 46.5103 0 0 90.82 84.44 0 0.06 0 0 975.94 -4.1013 0 32.1478 
9500 18239.6 318.13 57.1944 0 0 89.23 81.95 0 0.06 0.03 0 988.7 0.326733 0 32.3878 
9600 13741.6 320.51 43.0539 0 0 89.96 80.9 0 0.04 0.01 0 1000.44 1.75647 0 32.2575 
9700 15886.2 323.58 49.0195 0 0 90.54 81.13 0 0.05 0.02 0 1012.77 2.87208 0 31.6866 
9800 16612.3 329.2 50.4377 0 0 91.47 83.32 0 0.08 0.04 0 1025.25 4.46435 0 31.6471 
9900 16344.1 340.47 49.9487 0 0 91.51 82.36 0 0.02 0 0 1037.08 3.87793 0 31.6946 
10000 16945.3 327.64 51.7451 0 0 92.69 83.67 0 0.06 0.03 0 1049.69 5.51074 0 31.4092 
10100 15487 322.93 47.9439 0 0 91.22 81.89 0 0.05 0.01 0 1061.58 8.05825 0 31.6147 
10200 14887.8 330.89 45.3475 0 0 91.68 83.79 0 0.04 0.03 0 1074.59 6.17066 0 31.448 
10300 15529.1 321.59 47.8133 0 0 89.56 80.92 0 0.1 0.04 0 1087.37 5.69102 0 31.26 
10400 16751.6 320.89 52.1718 0 0 90.08 82.5 0 0.08 0.05 0 1099.71 1.80346 0 32.1634 
10500 16385.9 329.73 50.426 0 0 91.55 85.16 0 0.03 0.01 0 1111.92 4.30185 0 32.1668 
10600 16265.3 322.88 50.2738 0 0 89.59 83.85 0 0.04 0.01 0 1124.65 3.72007 0 31.9656 
10700 16724.9 323.684 51.759 0 0 90.3878 84.4796 0 0.0510204 0.0306122 0 1137.22 5.18994 0 32.288 
10800 17623.1 322.24 54.6756 0 0 90.17 84.38 0 0.08 0.06 0 1149.04 5.85142 0 32.9633 
10900 15990.2 322.46 49.5652 0 0 89.85 83.45 0 0.14 0.05 0 1162.39 7.85723 0 32.1582 
11000 15320.3 323.94 47.3995 0 0 90.61 83.86 0 0.07 0.03 0 1174.5 17.5351 0 32.5986 
11100 16469.1 326.303 50.4862 0 0 91.2727 84.4747 0 0.0606061 0.020202 0 1186.91 21.3441 0 32.8793 
11200 16414.8 332.96 49.3253 0 0 91.02 84.88 0 0.04 0.02 0 1199.18 17.0963 0 32.9484 
11300 17246.2 335.06 51.5381 0 0 92.17 85.6 0 0.14 0.05 0 1210.32 19.9512 0 32.748 
11400 16880.7 339.52 49.8574 0 0 92.1 85.06 0 0.1 0.08 0 1222.21 21.1661 0 33.2662 
11500 15571.8 331.606 46.9767 0 0 92.2424 86.1212 0 0.0505051 0.020202 0 1234 17.6137 0 33.1179 
11600 17732 329.96 53.7894 0 0 91.73 85.22 0 0.12 0.05 0 1246.66 15.0689 0 32.9662 
11700 17025.2 329.53 51.5629 0 0 90.81 84.22 0 0.04 0.01 0 1258.16 15.6217 0 33.1039 
11800 17665.7 334.949 52.6801 0 0 92.2727 85.5859 0 0.020202 0.010101 0 1269.46 17.4482 0 33.4609 
11900 18922.5 331.11 57.257 0 0 91.19 84.22 0 0.08 0.02 0 1280.73 12.4499 0 33.2597 
12000 16985.4 336.16 50.8906 0 0 91.97 85.67 0 0.04 0.02 0 1292.01 13.9784 0 33.3633 
12100 17254.6 334.57 51.4385 0 0 92.58 86.62 0 0.07 0.04 0 1303.77 13.7389 0 33.5659 
12200 18337 334.66 54.6658 0 0 92.77 86.82 0 0.08 0.02 0 1314.6 15.4353 0 34.159 
12300 19569 339.97 57.6856 0 0 93.71 87.55 0 0.07 0.03 0 1326.58 9.0653 0 33.9408 
12400 16006.7 340.081 46.9859 0 0 94.0606 89.0101 0 0.0505051 0.010101 0 1338.66 0.686129 0 34.3261 
12500 17638.2 338.58 52.0573 0 0 92.75 87.14 0 0.04 0.02 0 1350.1 -1.90008 0 34.2629 
12600 17201.6 339.24 50.7941 0 0 92.55 87.1 0 0.02 0.02 0 1361.45 -4.05206 0 34.5102 
12700 15059.9 339.05 44.7657 0 0 92.67 86.33 0 0.07 0.04 0 1372.71 -2.53052 0 33.1096 
12800 19294.8 339.01 56.8952 0 0 93.59 88.32 0 0 0 0 1384.85 0.744967 0 33.195 
12900 18453.2 339 54.9965 0 0 93.06 86.64 0 0.04 0.02 0 1396.24 -2.77871 0 33.2782 
13000 15508.2 340.72 46.1535 0 0 91.35 84.85 0 0.09 0.04 0 1407.73 -6.29899 0 33.6593 
13100 16545.3 334.86 49.4171 0 0 92.56 87.17 0 0.09 0.02 0 1420.45 -17.5705 0 33.0624 
13200 15685.2 341.56 46.5116 0 0 92.03 86.81 0 0.04 0.01 0 1432.87 -19.8406 0 33.2701 
13300 14026.5 336.47 41.4826 0 0 92.68 87.1 0 0.1 0.04 0 1446.15 -24.5688 0 32.5473 
13400 17004.8 346.08 49.7583 0 0 91.72 86.23 0 0.08 0.01 0 1458.83 -21.1687 0 32.5744 
13500 18559.1 337.388 55.0605 0 0 91.7959 86.8061 0 0.112245 0.0714286 0 1470.18 -17.8953 0 31.8514 
13600 17006 343.66 49.6447 0 0 93.11 87.53 0 0.05 0 0 1481.75 -17.265 0 32.6351 
13700 22954.8 372.83 60.4048 0 0 95.02 87.73 0 0.05 0.02 0 1491.38 -14.5251 0 33.8567 
13800 27473.3 387.69 68.9274 0 0 93.04 88.64 0 0.02 0 0 1503.08 -11.1502 0 36.4398 
13900 31600 396.07 79.8981 0 0 92.58 88.89 0 0.01 0 0 1515.4 -6.54058 0 39.3601 
14000 29492 393.32 76.2076 0 0 92.73 88.28 0 0.06 0.04 0 1527.94 -7.66964 0 43.979 
14100 34493 381.949 91.2196 0 0 93.0303 89.5657 0 0.0707071 0.0505051 0 1541.12 -7.00207 0 48.2372 
14200 31582.1 376.88 84.359 0 0 92.05 88.61 0 0.07 0.04 0 1552.98 -7.2566 0 52.5884 
14300 35093.9 372.44 95.8344 0 0 92.6 87.83 0 0.01 0 0 1564.15 -9.40326 0 56.8289 
14400 32403.6 352.35 92.6688 0 0 92.6 87.86 0 0.07 0.04 0 1578.32 -14.5893 0 58.6992 
14500 36127.2 358.31 101.152 0 0 93.21 88.76 0 0.06 0.03 0 1589.22 -17.7053 0 61.1703 
14600 30932.9 362.29 87.7796 0 0 91.75 86.75 0 0.09 0.05 0 1602.31 -18.5401 0 63.0143 
14700 37280.9 345.47 110.162 0 0 91.61 87.93 0 0.08 0.03 0 1616.1 -22.54 0 65.3388 
14800 33269.5 337.081 98.5377 0 0 91.7374 88.6364 0 0.0808081 0.0505051 0 1628.04 -23.3764 0 65.7365 
14900 34694.6 333.13 104.106 0 0 91.33 87.49 0 0.07 0.01 0 1639.3 -25.221 0 68.2884 
15000 34246.3 333.596 103.149 0 0 91.3333 87.9394 0 0.020202 0 0 1650.73 -23.69 0 68.3407 
15100 37773.1 334.87 112.874 0 0 91.79 87.95 0 0.03 0.01 0 1661.97 -21.5322 0 70.0507 
15200 32901.7 326.586 99.6528 0 0 91.6566 86.0303 0 0.0707071 0.030303 0 1672.72 -21.7771 0 69.4901 
15300 35375.3 331.19 106.772 0 0 91.48 87.25 0 0.02 0.01 0 1683.96 -19.9442 0 71.0253 
15400 34536.1 330.88 104.301 0 0 91.88 87.74 0 0.11 0.06 0 1695.75 -14.2799 0 69.7965 
15500 33626.3 326.42 102.188 0 0 91.41 86.21 0 0.07 0.04 0 1707.41 -10.0208 0 69.9955 
15600 33099.5 326.27 100.481 0 0 89.63 86.05 0 0.05 0.02 0 1719.85 -14.3916 0 68.4802 
15700 34124.1 332.01 102.608 0 0 92.04 89.06 0 0 0 0 1731.28 -23.214 0 68.1505 
15800 32247 330.38 97.603 0 0 91.05 87.97 0 0.09 0.06 0 1744.6 -7.78904 0 65.9521 
15900 34640.7 326.667 105.383 0 0 90.0101 86.1919 0 0.0909091 0.0707071 0 1756.81 -13.7393 0 66.5551 
16000 37861.8 335.667 114.38 0 0 90.2626 87.0909 0 0.0505051 0.020202 0 1768.67 -12.1637 0 67.0178 
16100 33147.8 335.59 99.7602 0 0 91.73 88.65 0 0.1 0.05 0 1780.49 -3.19287 0 66.8756 
16200 36091.5 329.77 109.501 0 0 91.09 88.53 0 0.03 0 0 1792.74 11.9905 0 68.5203 
16300 36886.8 329.77 111.944 0 0 91.31 88.37 0 0.18 0.11 0 1803.99 9.50972 0 70.286 
16400 37671.7 331.34 114.269 0 0 90.07 87.02 0 0.04 0.01 0 1815.55 3.1256 0 71.6822 
16500 38911.8 331.86 116.849 0 0 90.64 88.01 0 0.07 0.02 0 1826.47 -0.0665346 0 72.3248 
16600 39243.8 332.6 117.989 0 0 90.35 87.67 0 0.06 0.03 0 1837.12 0.60976 0 74.2705 
16700 36196.2 329.98 109.459 0 0 90.63 87.52 0 0.05 0.03 0 1848.75 -0.302674 0 73.0265 
16800 35491.7 334.19 105.712 0 0 89.96 86.81 0 0.03 0.02 0 1859.44 -0.969744 0 72.1783 
16900 36119.2 332.7 107.84 0 0 90.34 87.02 0 0.09 0.03 0 1871.35 -0.928751 0 70.7711 
17000 37690.3 340.27 111.411 0 0 91.44 88.18 0 0.05 0.02 0 1882.83 3.83858 0 70.5875 
17100 34144.2 341.4 100.023 0 0 92.85 88.5 0 0.08 0.03 0 1893.56 4.55979 0 69.1544 
17200 37166.1 339.5 109.285 0 0 92.65 88.82 0 0.05 0.02 0 1905.39 3.31655 0 69.3352 
17300 37265.1 356.46 107.079 0 0 93.36 89.66 0 0.07 0.05 0 1916 1.59699 0 69.8846 
17400 38073.1 347.55 111.511 0 0 92.71 88.45 0 0.06 0.02 0 1927.15 5.01123 0 69.3691 
17500 34166.3 341.1 99.2459 0 0 92.84 88.99 0 0.09 0.04 0 1938.77 2.85781 0 68.3436 
17600 36154.8 347.77 103.879 0 0 93.95 90.74 0 0.06 0.02 0 1949.78 12.5225 0 68.3369 
17700 37709.5 348.11 108.378 0 0 94.24 90.33 0 0.1 0.04 0 1960.49 10.9112 0 68.6947 
17800 36833.5 348.76 105.668 0 0 94.05 90.51 0 0.04 0.01 0 1971.01 9.95168 0 69.0837 
17900 36029.1 340.56 105.632 0 0 92.66 87.53 0 0.07 0.06 0 1982.12 8.46133 0 69.1963 
18000 35698.5 357.16 102.443 0 0 94.12 90.66 0 0.04 0.02 0 1993.07 14.0686 0 69.8609 
18100 37996.5 348.45 109.006 0 0 94.62 89.97 0 0.05 0.03 0 2004.25 15.9738 0 69.9354 
18200 39073.9 368.06 109.739 0 0 94.46 90.39 0 0.01 0 0 2015.24 15.4033 0 70.018 
18300 38494.3 342.93 111.411 0 0 93.01 87.45 0 0.08 0.04 0 2025.87 16.8216 0 70.0961 
18400 38554.1 348.41 110.617 0 0 95.26 89.91 0 0.03 0 0 2036.75 17.2199 0 70.4193 
18500 35886.8 350.88 102.776 0 0 93.88 88.84 0 0.04 0.01 0 2047 18.4732 0 69.37 
18600 37323.7 359.82 105.695 0 0 94.92 90.06 0 0.06 0.02 0 2057.89 20.0615 0 68.9877 
18700 36567.7 349 105.262 0 0 94.28 88.14 0 0.06 0.03 0 2068.63 17.348 0 68.9113 
18800 37236.2 346.23 107.732 0 0 93.49 87.63 0 0.05 0.03 0 2079.67 18.8004 0 68.2403 
18900 36187.7 350.465 104.726 0 0 92.1313 85.7677 0 0.010101 0 0 2090.64 17.7679 0 68.4389 
19000 34502.2 343.14 100.163 0 0 92.57 85.87 0 0.05 0.02 0 2101.13 17.2891 0 68.6851 
19100 40240.1 357.929 115.21 0 0 94.4242 88.2727 0 0.0909091 0.040404 0 2111.97 20.3343 0 68.3914 
19200 38126.7 347.57 109.592 0 0 94.17 88.68 0 0.01 0.01 0 2122.78 21.9899 0 68.4251 
19300 37843.6 351.42 107.589 0 0 94.97 89.27 0 0.04 0.02 0 2133.16 20.5906 0 68.5176 
19400 38602.1 367.86 108.475 0 0 94.46 89.11 0 0.04 0.02 0 2143.56 20.2689 0 68.6081 
19500 39191 347.61 112.679 0 0 94.21 87.67 0 0.05 0.02 0 2154.1 21.8857 0 69.4175 
19600 42292.9 346.37 121.692 0 0 93.41 86.94 0 0.06 0.02 0 2164.61 22.8102 0 70.7126 
19700 39044.9 346.68 111.962 0 0 94.27 87.53 0 0.19 0.08 0 2175.29 25.1802 0 70.6891 
19800 33655.7 350.01 96.1002 0 0 94.26 88.26 0 0.02 0.02 0 2185.36 24.329 0 70.7467 
19900 33561 347.78 96.3708 0 0 93.43 87.2 0 0.06 0.04 0 2195.84 23.8771 0 70.6891 
20000 36850.2 348.34 105.82 0 0 94.43 86.71 0 0.05 0.01 0 2207.13 22.3757 0 69.0485 
20100 38281 361.86 107.266 0 0 96.77 91.32 0 0.07 0.03 0 2217.85 24.8014 0 68.4365 
20200 37707.8 340.53 109.977 0 0 92.94 86.3 0 0.05 0.02 0 2229.17 28.8601 0 68.0104 
20300 39238.8 345.66 113.218 0 0 93.78 88.2 0 0.02 0.01 0 2239.55 23.2709 0 68.193 
20400 37605.9 358.85 107.841 0 0 91.63 84.74 0 0.02 0 0 2249.26 25.6454 0 68.7335 
20500 34046.8 350.32 97.303 0 0 94.7 86.63 0 0.05 0.01 0 2260.22 26.7541 0 69.8804 
20600 34392.7 399.49 95.8667 0 0 93.62 85.05 0 0.07 0.04 0 2271.56 24.3412 0 68.5357 
20700 35936 344.16 105.334 0 0 91.92 85.19 0 0.05 0.03 0 2283.34 24.854 0 68.2496 
20800 36724.7 343.05 106.9 0 0 91.44 84.37 0 0.08 0.05 0 2294.42 30.9445 0 67.1933 
20900 35730.7 346.918 105.24 0 0 91.5816 85.5816 0 0.0204082 0 0 2306.05 35.5853 0 65.946 
21000 27607.6 337.84 81.4821 0 0 91.34 84.57 0 0.07 0.03 0 2316.78 32.8534 0 65.5202 
21100 36927.4 347.9 108.866 0 0 91.89 85.7 0 0.03 0.01 0 2329.65 35.4645 0 65.6956 
21200 34870.2 331.07 105.272 0 0 89.96 83.21 0 0.09 0.06 0 2341.2 30.2655 0 65.2623 
21300 38989.1 335.3 116.263 0 0 90.66 85.62 0 0.12 0.03 0 2352.57 31.6371 0 65.2632 
21400 32314 351.36 94.3408 0 0 90.14 83.89 0 0.01 0.01 0 2362.44 18.5132 0 67.0385 
21500 32892.4 335.848 98.0449 0 0 90.4545 86.0606 0 0.020202 0.010101 0 2373.93 18.671 0 66.1546 
21600 33558.8 334.77 100.201 0 0 90.28 85.26 0 0.03 0.02 0 2386.35 14.0901 0 67.3943 
21700 36221.4 336.95 107.343 0 0 91.12 86.35 0 0.02 0 0 2397.5 14.8915 0 68.1313 
21800 34224.1 338.24 100.868 0 0 91.66 87.05 0 0.05 0.03 0 2408.18 15.564 0 69.0925 
21900 31138.3 337.09 92.1459 0 0 91.13 85.02 0 0.04 0.03 0 2418.91 12.1939 0 66.6153 
22000 40557.9 345.26 117.338 0 0 93.49 88.15 0 0.01 0 0 2430.19 3.53099 0 67.8304 
22100 35351.8 343.59 102.773 0 0 92.85 87.71 0 0.03 0.03 0 2440.58 5.21484 0 67.5378 
22200 35567.1 344.44 103.976 0 0 92.69 86.34 0 0.08 0.03 0 2451.12 6.68952 0 67.5746 
22300 36216.7 341.45 106.021 0 0 91.75 86.82 0 0.1 0.05 0 2462.64 8.29879 0 67.4534 
22400 39167.5 350.06 112.943 0 0 92.77 87.77 0 0.04 0.01 0 2474.06 8.09832 0 67.9824 
22500 36839.6 342.52 107.775 0 0 92.05 87.39 0 0.05 0.01 0 2485.6 8.63201 0 67.3128 
22600 35089.2 358.39 99.8433 0 0 92.13 87.89 0 0.06 0.03 0 2496.72 8.93981 0 67.7018 
22700 35429.7 342.49 103.239 0 0 91.55 86.56 0 0.03 0.02 0 2508.19 5.85281 0 67.959 
22800 36238.6 359.13 103.615 0 0 91.16 86.7 0 0.04 0.03 0 2518.51 4.54493 0 68.3661 
22900 37620.7 339.74 110.457 0 0 91.51 86.87 0 0.06 0.03 0 2529.42 4.64417 0 68.7349 
23000 35024.8 337.66 103.871 0 0 90.96 86.19 0 0.07 0.04 0 2540.6 7.05259 0 69.3481 
23100 30564.5 331.93 91.3511 0 0 90.14 85.12 0 0.09 0.06 0 2552.58 10.9178 0 68.4477 
23200 39006.7 333.04 117.237 0 0 90.84 87.14 0 0.06 0.02 0 2565.21 12.5591 0 67.3658 
23300 38901.7 332.24 116.61 0 0 90.57 86.35 0 0.07 0.03 0 2576.59 16.1403 0 67.0347 
23400 39143.6 333.95 117.227 0 0 91.54 87.95 0 0.04 0.01 0 2588.32 16.3318 0 68.8371 
23500 36231.3 329.05 110.079 0 0 89.93 86.26 0 0.09 0.05 0 2599.63 16.0574 0 69.807 
23600 36649.7 333.9 110.694 0 0 89.68 85.14 0 0.06 0.02 0 2611.59 15.8329 0 70.5648 
23700 35091.8 327.1 107 0 0 88.82 84.47 0 0.1 0.07 0 2622.25 17.8925 0 71.8465 
23800 35372.3 335.82 106.236 0 0 90.66 85.74 0 0.07 0.03 0 2633.37 17.5617 0 72.1843 
23900 36570.9 335.44 111.254 0 0 89.54 84.68 0 0.03 0.02 0 2645.18 18.6084 0 70.0535 
24000 38212.9 350.6 113.764 0 0 89.3 83.66 0 0.11 0.03 0 2656.67 13.9279 0 68.29 
24100 31341 323.7 96.0803 0 0 87.78 81.41 0 0.11 0.03 0 2668.23 12.37 0 67.9975 
24200 34744.9 331.82 104.798 0 0 90.15 85.03 0 0.09 0.06 0 2680.2 13.7847 0 67.3104 
24300 38634.1 330.2 117.028 0 0 89.92 84.82 0 0.03 0.02 0 2691.57 17.1711 0 66.1677 
24400 37445.9 328.22 113.978 0 0 89.65 84.6 0 0.04 0.02 0 2702.54 19.4244 0 67.2408 
24500 37698.6 339.72 114.066 0 0 89.09 83.89 0 0.08 0.03 0 2713.46 19.2418 0 68.9027 
24600 37529.1 330.13 113.711 0 0 89.59 84.72 0 0.07 0.02 0 2724.55 22.6549 0 69.9547 
24700 33526.6 326.48 102.615 0 0 89.3 83.76 0 0.1 0.06 0 2735.43 23.0188 0 70.092 
24800 31900.9 325.76 97.9804 0 0 88.84 83.47 0 0.08 0.01 0 2747.52 22.6463 0 70.4022 
24900 39196.6 324.88 120.518 0 0 88.43 83.12 0 0.09 0.04 0 2758.65 20.8178 0 70.1619 
25000 35821.6 323.24 110.659 0 0 88.29 82.2 0 0.02 0 0 2769.78 18.2056 0 70.0842 
25100 36185.4 327.83 110.932 0 0 88.87 83.09 0 0.1 0.03 0 2781.55 18.1902 0 68.772 
25200 34623.9 324.152 106.517 0 0 88.1313 82.4242 0 0.030303 0 0 2792.18 13.703 0 69.4264 
25300 37525.4 320.806 116.954 0 0 88.5306 82.2653 0 0.0306122 0.0102041 0 2803.57 12.2164 0 69.8651 
25400 36902.5 327.424 112.899 0 0 89.2828 84.1616 0 0.030303 0 0 2814.42 11.5439 0 70.8356 
25500 30887.2 322.06 96.403 0 0 88.05 83.32 0 0.11 0.05 0 2826.3 11.2917 0 68.7848 
25600 35293.4 327.15 109.371 0 0 87.05 82.31 0 0.05 0.03 0 2838.85 9.72046 0 69.2911 
25700 33746.5 322.364 105.643 0 0 87 81.5253 0 0.040404 0.030303 0 2850.31 8.41564 0 69.6815 
25800 33536.5 319.76 104.997 0 0 87.65 82.41 0 0.04 0.01 0 2861.64 11.5067 0 69.986 
25900 34962.6 324.77 107.644 0 0 88.65 83.81 0 0.07 0 0 2872.76 9.45723 0 69.5817 
26000 38076.6 324.74 116.878 0 0 88.88 83.61 0 0.02 0.02 0 2883.66 12.4699 0 71.8411 
26100 33056.5 324.01 102.313 0 0 89.62 83.08 0 0.08 0.05 0 2895.48 11.9469 0 71.5676 
26200 35651.3 327.88 109.16 0 0 89.71 84.12 0 0.08 0.05 0 2907.46 13.708 0 70.7296 
26300 36931.1 326.85 112.753 0 0 89.64 82.75 0 0.1 0.04 0 2917.84 15.3671 0 70.7924 
26400 30677.8 326.64 94.5421 0 0 89.29 80.46 0 0.08 0.03 0 2928.65 15.8358 0 69.0677 
26500 32327 340.03 95.9605 0 0 88.98 81.27 0 0.03 0 0 2940.4 14.5252 0 67.4989 
26600 35535.1 330.26 106.037 0 0 89.33 82.71 0 0.03 0.01 0 2952.58 16.0165 0 67.1218 
26700 37374.5 331.76 112.426 0 0 91.22 84.67 0 0.09 0.02 0 2963.46 12.584 0 66.932 
26800 34528 351.91 102.947 0 0 90.03 84.17 0 0.04 0 0 2975.04 8.99038 0 66.1652 
26900 34083.9 332.42 103.598 0 0 89.29 83.61 0 0.07 0.03 0 2987.17 13.8004 0 67.4849 
27000 38204.9 339.16 114.054 0 0 91.25 85.3 0 0.09 0.04 0 2997.73 8.22385 0 68.3469 
27100 36036.2 323.17 111.718 0 0 90.61 85.49 0 0.1 0.02 0 3008.18 8.82607 0 69.5187 
27200 34547 331.36 106.484 0 0 92.14 87.54 0 0.14 0.08 0 3020.13 12.0505 0 69.6653 
27300 39817.3 330.56 125.501 0 0 91.64 87.65 0 0.02 0.01 0 3035.43 12.8911 0 70.0694 
27400 36321.6 320.36 115.238 0 0 91.33 87.72 0 0.03 0.01 0 3046.75 9.90576 0 69.6231 
27500 38976 328.92 117.101 0 0 91.65 87.72 0 0.08 0.06 0 3054.64 15.7725 0 71.0647 
27600 39329.4 335.76 115.902 0 0 93.18 89.21 0 0.06 0.04 0 3064.56 16.3169 0 70.9445 
27700 39162.2 343.202 113.785 0 0 93.1111 89.0404 0 0.121212 0.020202 0 3073.47 13.7132 0 71.9515 
27800 37342 346 107.762 0 0 93.73 88.75 0 0 0 0 3083.4 15.2033 0 72.1912 
27900 38268.3 347.6 109.902 0 0 93.81 90.25 0 0.13 0.05 0 3094.4 17.408 0 72.1793 
28000 42429.3 347.66 122.053 0 0 92.96 89.85 0 0.05 0.03 0 3104.89 16.6991 0 71.2224 
28100 40127 348.18 115.155 0 0 93.72 89.46 0 0.07 0.06 0 3115.06 17.9717 0 71.6073 
28200 39825.5 349.88 114.268 0 0 93.75 89.96 0 0.04 0 0 3125 21.0698 0 71.4028 
28300 40705.4 351.76 115.893 0 0 93.58 89.65 0 0.04 0.01 0 3134.67 21.4763 0 72.1591 
28400 39293.8 353.16 111.011 0 0 95.41 90.96 0 0.02 0.01 0 3144.2 20.1667 0 72.3615 
28500 40846.3 351.66 116.127 0 0 94.57 89.86 0 0 0 0 3154.83 24.8332 0 72.7663 
28600 36907.7 358.633 104.124 0 0 95.551 91.1735 0 0.0306122 0.0102041 0 3164.94 21.8753 0 72.3657 
28700 32416.7 349.43 92.1285 0 0 94.7 89.46 0 0.04 0 0 3175.5 20.7463 0 70.9141 
28800 41172.6 356.88 115.219 0 0 95.98 92.61 0 0.13 0.03 0 3185.94 18.995 0 69.6664 
28900 40265.3 359.85 111.76 0 0 96.2 91.67 0 0.02 0.02 0 3196.5 21.0599 0 70.4191 
29000 38702.4 362.19 106.798 0 0 97.63 93.44 0 0.08 0.05 0 3207.01 18.7461 0 69.0688 
29100 40575.5 365.99 110.994 0 0 97.69 92.38 0 0.03 0.01 0 3216.81 21.0657 0 68.3919 
29200 41558.9 362.68 114.41 0 0 97.59 92.29 0 0.05 0.03 0 3226.41 20.1212 0 69.2305 
29300 44588.7 360.61 123.492 0 0 96.87 92.12 0 0.04 0.02 0 3236.46 16.4954 0 69.7393 
29400 42257.7 361.12 116.766 0 0 96.6 92.2 0 0.06 0.03 0 3246.41 14.871 0 69.5308 
29500 42081.4 359.57 117.043 0 0 96.32 93.44 0 0.03 0.02 0 3256.69 17.7115 0 70.6282 
29600 42426.5 356.22 118.928 0 0 95.84 92.01 0 0.04 0.01 0 3266.55 20.1647 0 72.9714 
29700 38269.5 354.13 107.763 0 0 94.75 90.39 0 0.01 0 0 3275.84 16.797 0 73.8488 
29800 38749.6 356.27 108.663 0 0 95.48 92.87 0 0.03 0.02 0 3286.35 15.469 0 74.1249 
29900 39631.3 356.97 110.95 0 0 96.36 93.22 0 0.07 0.01 0 3296.75 14.909 0 75.2878 
30000 41249.8 357.24 115.393 0 0 96.33 93.82 0 0.03 0.02 0 3307.63 14.7179 0 75.3695 
30100 41759.5 354.586 117.13 0 0 95.7879 92.1515 0 0.0606061 0.040404 0 3317.28 11.7671 0 74.321 
30200 37844.8 355.23 106.478 0 0 94.67 89.62 0 0.05 0.03 0 3327.87 13.3098 0 74.6416 
30300 41955.2 369.99 115.469 0 0 95.25 92.43 0 0.05 0.02 0 3338.46 14.4551 0 73.9209 
30400 36834.9 351.45 104.616 0 0 94.75 92.81 0 0.07 0.03 0 3348.75 11.5208 0 72.384 
30500 52237.2 350.58 148.945 0 0 94.91 92.07 0 0.07 0.02 0 3360.07 6.11049 0 73.7169 
30600 67925.6 348.97 194.886 0 0 93.59 91.25 0 0.07 0.03 0 3376.12 -3.85435 0 80.6576 
30700 79532.2 349.27 227.464 0 0 94.52 91.67 0 0.04 0.03 0 3389.78 -8.89766 0 91.9017 
30800 82586.8 352.25 234.577 0 0 94.78 92.26 0 0.03 0.02 0 3399.88 -10.6558 0 109.048 
30900 85087.6 355.09 239.223 0 0 95.51 92.41 0 0.02 0.01 0 3409.76 -9.96107 0 123.812 
31000 79016.2 354.91 221.303 0 0 96.02 91.26 0 0.09 0.04 0 3419.31 -8.11145 0 136.625 
31100 68345.9 350.84 195.596 0 0 94.95 90.45 0 0.04 0.02 0 3429.87 -9.8644 0 139.579 
31200 77343.5 347.58 219.376 0 0 93.8 89.23 0 0.06 0.03 0 3441.75 -9.57708 0 140.333 
31300 68965.1 353.99 194.374 0 0 95.87 90.29 0 0.09 0.04 0 3451.87 -14.0625 0 136.509 
31400 69575.1 350.13 198.227 0 0 93.89 90.05 0 0.01 0.01 0 3464.1 -14.607 0 134.955 
31500 81414.4 350.081 232.956 0 0 94.1616 90.0202 0 0.020202 0.020202 0 3475.15 -14.5196 0 131.693 
31600 77230.7 346.65 220.191 0 0 92.73 89.99 0 0.08 0.02 0 3487.32 -18.1488 0 133.435 
31700 71456.9 347.293 205.226 0 0 92.9899 90.4949 0 0.0909091 0.040404 0 3498.16 -19.3515 0 132.726 
31800 73841.1 347.465 212.383 0 0 92.8283 91.7172 0 0.040404 0.020202 0 3509.29 -11.4703 0 132.537 
31900 76447.4 350.72 218.04 0 0 92.23 90.17 0 0.05 0.03 0 3520.61 -8.16296 0 131.302 
32000 78496.4 346.26 227.551 0 0 92.14 89.51 0 0.04 0.02 0 3531.75 -8.662 0 134.516 
32100 63540.4 347.88 182.528 0 0 92.82 90.48 0 0.08 0.01 0 3542.46 -1.41346 0 135.408 
32200 68455.6 345.24 197.627 0 0 92.04 89.9 0 0.06 0.06 0 3553.43 3.66132 0 135.386 
32300 70368.1 350.28 201.69 0 0 92.27 89.17 0 0.09 0.04 0 3564.76 -2.00949 0 134.279 
32400 73731.3 361.99 206.207 0 0 95.31 93.99 0 0.04 0.01 0 3576.72 -1.35825 0 133.495 
32500 73766.6 351.49 209.745 0 0 93.79 91.49 0 0.06 0.03 0 3587.55 -2.62916 0 131.647 
32600 79159.6 349.4 226.168 0 0 93.24 90.04 0 0.06 0.02 0 3597.93 0.427422 0 132.777 
32700 71044.2 346.84 203.302 0 0 93.05 89.63 0 0.02 0.02 0 3608.77 -0.0838187 0 131.727 
32800 63773.1 353.131 182.858 0 0 93.6566 89.202 0 0.020202 0.010101 0 3619.78 1.00499 0 131.443 
32900 76937.4 350.77 218.972 0 0 93.49 90.72 0 0.06 0.01 0 3632.4 -0.938362 0 132.919 
33000 78892.3 347.93 226.501 0 0 93.42 90.04 0 0.05 0.04 0 3643.08 -1.00276 0 133.762 
33100 78109.8 348.09 224.566 0 0 93.34 89.95 0 0.03 0.02 0 3653.68 -1.50656 0 133.571 
33200 72533.7 347.83 208.493 0 0 93.11 89.18 0 0.03 0.03 0 3663.8 0.611912 0 137.24 
33300 70017.2 348.97 200.944 0 0 93.51 89.84 0 0.09 0.02 0 3673.72 -2.40252 0 139.338 
33400 72416.9 345.02 207.251 0 0 92.9091 89.1515 0 0.020202 0.010101 0 3684.65 -0.855825 0 138.221 
33500 74509.9 348.06 212.909 0 0 93.31 90.37 0 0.07 0.02 0 3696.38 2.87574 0 137.714 
33600 72420.8 351.43 209.945 0 0 92.57 89.65 0 0.07 0.02 0 3707.46 4.22558 0 135.682 
33700 76844 347.2 220.638 0 0 92.8 90.44 0 0.01 0.01 0 3717.84 4.77019 0 134.076 
33800 70156 346.01 201.709 0 0 90.4747 87.9091 0 0.0606061 0.020202 0 3729.18 1.13041 0 132.425 
33900 69476.7 348.73 199.371 0 0 93.33 91.45 0 0.07 0.02 0 3742.08 -4.1522 0 134.164 
34000 75447.8 348.91 216.24 0 0 93.29 90.79 0 0.06 0.04 0 3753.62 -12.7646 0 134.514 
34100 79223.7 348.63 226.387 0 0 92.86 89.99 0 0.05 0.02 0 3764.65 -17.6563 0 135.358 
34200 75266.6 353.72 209.796 0 0 94.58 91.9 0 0.04 0.02 0 3775.49 -22.0117 0 135.888 
34300 68829 357.64 191.831 0 0 95.81 92.98 0 0.04 0.01 0 3786.12 -22.3744 0 132.996 
34400 81360.4 360.48 226.215 0 0 95.64 93.84 0 0.07 0.04 0 3797.58 -26.0989 0 132.644 
34500 78978.1 359.34 219.708 0 0 96.47 93.86 0 0.01 0.01 0 3808.93 -28.2482 0 134.302 
34600 78567.3 355.63 219.338 0 0 95.81 92.63 0 0.04 0.01 0 3818.85 -30.0247 0 136.519 
34700 81920.4 356.88 227.237 0 0 95.68 91.97 0 0.07 0.04 0 3828.64 -35.2481 0 138.078 
34800 75918.1 362.75 209.396 0 0 96.8 94.27 0 0.06 0.03 0 3838.79 -35.1816 0 144.839 
34900 59488.7 365.73 163.281 0 0 97.46 94.97 0 0.07 0.02 0 3849.39 -35.1211 0 142.244 
35000 72630.6 386.43 201.263 0 0 96.55 93.66 0 0.07 0.03 0 3862.25 -32.0473 0 137.536 
35100 73919.4 360.06 204.879 0 0 95.65 93.43 0 0.08 0.04 0 3873.2 -30.9688 0 135.826 
35200 79685.5 364.17 218.088 0 0 96.97 94.83 0 0.06 0.01 0 3884.23 -34.208 0 133.566 
35300 82500 361.66 228.179 0 0 96.61 94.91 0 0.08 0.03 0 3894.05 -31.1769 0 132.003 
35400 73359.5 360.41 202.002 0 0 96.12 93.7 0 0.05 0.03 0 3904.2 -32.9935 0 136.299 
35500 71532.2 359.52 196.569 0 0 96.69 94.09 0 0.04 0.02 0 3915.38 -31.6365 0 138.164 
35600 75674.4 362.586 211.52 0 0 96.3737 92.8283 0 0.040404 0.010101 0 3927.23 -30.2452 0 136.245 
35700 71705 361.263 197.889 0 0 97.9495 94.3131 0 0.040404 0.010101 0 3938.23 -25.8894 0 136.055 
35800 75703.7 358.72 211.498 0 0 96.87 93.49 0 0.09 0.06 0 3949.94 -23.1827 0 133.859 
35900 77875 371.64 212.964 0 0 97.12 94.64 0 0.01 0.01 0 3960.32 -28.4991 0 134.478 
36000 75041.8 362.05 207.476 0 0 97.31 95.54 0 0 0 0 3970.26 -35.3058 0 135.145 
36100 79001 361.98 217.208 0 0 96.8 94.51 0 0.03 0.02 0 3981.47 -27.3689 0 136.997 
36200 68743.9 358.47 192.12 0 0 96.43 93.73 0 0.04 0.03 0 3992.31 -24.8396 0 138.546 
36300 78554.7 356.74 220.393 0 0 97.14 92.74 0 0.11 0.05 0 4003.83 -15.8749 0 139.177 
36400 74700.2 359.74 207.785 0 0 96.86 92.79 0 0.07 0.04 0 4014.57 -12.309 0 137.852 
36500 64811.8 361.66 178.779 0 0 98.06 93.57 0 0.07 0.05 0 4025.03 -12.9638 0 136.681 
36600 72330.1 360.444 199.36 0 0 97.1616 91.4545 0 0.0707071 0.030303 0 4037.2 -10.2008 0 133.742 
36700 78674.3 360.62 217.822 0 0 97.32 92.77 0 0.01 0.01 0 4047.43 -22.8211 0 131.164 
36800 73676.7 359.95 204.054 0 0 96.64 92.5 0 0.06 0.03 0 4058.15 -27.3276 0 128.357 
36900 74609 360.12 207.567 0 0 97.28 92.8 0 0.02 0.01 0 4069.36 -25.7769 0 126.489 
37000 77297.3 362.01 212.587 0 0 97.73 93.41 0 0.09 0.06 0 4080.23 -17.4209 0 127.441 
37100 73052.4 359.657 203.37 0 0 97.4949 91.7778 0 0.020202 0.010101 0 4090.79 -13.3794 0 130.335 
37200 67330.8 366.707 183.878 0 0 98.3838 94.2222 0 0.0505051 0.020202 0 4100.56 -21.1621 0 131.2 
37300 74923.5 365.49 204.841 0 0 98.42 93.53 0 0.04 0.03 0 4112.44 -17.3991 0 132.618 
37400 74724.5 365.33 204.874 0 0 98.72 93.17 0 0.02 0.01 0 4123.03 -17.776 0 132.713 
37500 68670 361.22 189.131 0 0 97.82 90.64 0 0.05 0.01 0 4134.46 -3.97469 0 131.843 
37600 85734.1 360.889 236.018 0 0 97.3737 91.2828 0 0.040404 0.040404 0 4144.98 -9.96117 0 130.588 
37700 76437.5 360.929 209.459 0 0 97.2449 91.1735 0 0.0204082 0.0102041 0 4154.71 -13.6701 0 131.778 
37800 72302.3 361.64 197.721 0 0 96.92 91.9 0 0.01 0 0 4164.62 -16.838 0 133.871 
37900 72477 365.42 198.338 0 0 97.66 93.61 0 0.06 0.03 0 4175.21 -20.8163 0 134.399 
38000 73092.6 364.88 199.614 0 0 96.89 92.57 0 0.04 0 0 4185.02 -22.8126 0 134.909 
38100 66188.4 365.76 183.647 0 0 96.15 90.94 0 0.06 0.03 0 4195.95 -25.0012 0 135.604 
38200 59952.1 369.101 162.307 0 0 97.7677 93.8283 0 0.030303 0.010101 0 4206.26 -39.1252 0 133.48 
38300 74329.8 371.17 201.016 0 0 98.76 93.91 0 0.05 0.02 0 4218.02 -45.9014 0 130.815 
38400 77546 367.71 209.908 0 0 97.47 92.1 0 0.07 0.02 0 4228.07 -46.8914 0 130.157 
38500 78277 368.31 211.932 0 0 98.75 93.05 0 0.12 0.05 0 4238.44 -44.0688 0 131.459 
38600 71995.8 383.01 187.821 0 0 100.96 94.4 0 0.04 0.01 0 4247.97 -43.0499 0 131.266 
38700 75467 376.18 200.326 0 0 100.68 94.34 0 0.04 0.02 0 4258.4 -41.6394 0 131.77 
38800 76703.5 371.26 205.002 0 0 99.83 92.72 0 0.09 0.03 0 4269.26 -42.7214 0 132.562 
38900 76422.8 370.91 204.025 0 0 99.48 94.02 0 0.07 0.01 0 4280.16 -45.1285 0 136.129 
39000 74131.6 366.44 201.62 0 0 97.42 93.34 0 0.07 0.02 0 4291.52 -48.0187 0 133.097 
39100 71462.2 372.03 192.664 0 0 98.15 94.14 0 0.04 0.02 0 4302.39 -41.9229 0 132.745 
39200 76825.4 370.44 207.04 0 0 98.65 95.15 0 0.06 0.01 0 4313.36 -41.0105 0 132.364 
39300 76116.8 370.48 205.233 0 0 98.52 95.61 0 0.05 0.01 0 4323.8 -37.7355 0 134.859 
39400 71612.7 372.67 193.472 0 0 99.27 95.15 0 0.07 0.03 0 4335.3 -28.4495 0 130.295 
39500 72419.8 364.15 199.255 0 0 96.34 92.04 0 0.07 0.04 0 4346.79 -26.7672 0 129.395 
39600 82021 372.75 220.382 0 0 99.61 95.59 0 0.06 0.02 0 4357.42 -29.258 0 129.333 
39700 71216.2 370.11 192.046 0 0 98.69 93.38 0 0.05 0.03 0 4367.54 -30.0337 0 130.257 
39800 76672 374.63 204.806 0 0 100.8 94.67 0 0.02 0 0 4377.56 -28.5496 0 129.175 
39900 85383 372.93 228.921 0 0 100.55 93.23 0 0.06 0.02 0 4388.24 -28.563 0 130.793 
40000 77902.1 381.8 203.988 0 0 101.96 94.32 0 0.07 0 0 4397.74 -30.4464 0 134.254 
40100 65935 381.19 175.636 0 0 101.13 91.99 0 0.06 0.04 0 4407.13 -34.3447 0 133.028 
40200 74358.2 372.77 200.435 0 0 101.18 91.88 0 0.03 0.02 0 4419.1 -34.4084 0 129.696 
40300 72661 381.99 192.737 0 0 100.08 93.25 0 0.05 0.02 0 4430.06 -30.8983 0 128.56 
40400 78285.8 375.48 207.995 0 0 100.45 93.51 0 0.04 0.01 0 4440.45 -28.1046 0 129.148 
40500 79124.3 375.01 210.377 0 0 101.29 92.71 0 0.07 0.03 0 4449.49 -24.9304 0 128.07 
40600 81271.8 374.05 216.543 0 0 100.39 91.88 0 0.03 0.01 0 4459.42 -28.3975 0 130.632 
40700 76582.8 373 205.256 0 0 100.74 92.15 0 0.06 0.03 0 4468.5 -27.2293 0 134.921 
40800 74452.5 376.97 196.441 0 0 101.82 89.82 0 0 0 0 4474.82 -19.0553 0 133.965 
40900 67425.9 378.53 177.632 0 0 102.16 90.9 0 0.09 0.05 0 4485.73 -19.6643 0 131.002 
41000 65580.7 374.81 174.511 0 0 101.05 89.99 0 0.02 0.01 0 4495.01 -19.4395 0 128.718 
41100 73817.7 383.92 192.654 0 0 103.5 91.93 0 0.12 0.03 0 4506.55 -14.5423 0 123.493 
41200 70378.7 375.192 188.223 0 0 101.889 89.9495 0 0.0505051 0 0 4518.04 -17.4398 0 118.425 
41300 69645.6 389.82 182.927 0 0 103.32 91.77 0 0 0 0 4528.68 -16.1259 0 119.998 
41400 67693.3 385.758 175.167 0 0 103.929 91.4242 0 0.020202 0.010101 0 4539.6 -16.2313 0 119.448 
41500 61107.3 383.66 158.87 0 0 103.2 92.97 0 0.03 0.01 0 4553.3 -26.6587 0 118.078 
41600 73434.7 381.16 193.62 0 0 102.9 94.74 0 0.03 0.02 0 4568.5 -35.0512 0 120.647 
41700 80623.2 383.7 210.095 0 0 102.44 97.1 0 0.03 0.02 0 4581.26 -40.5402 0 125.986 
41800 77907.9 377.07 206.036 0 0 101.2 95.25 0 0.03 0.01 0 4593.58 -45.2589 0 125.318 
41900 79978.4 384.26 207.775 0 0 102.62 96.6 0 0.01 0.01 0 4604.02 -45.6417 0 127.599 
42000 78661.5 389.838 202.346 0 0 102.949 95.0303 0 0.010101 0 0 4614.13 -49.3145 0 132.464 
42100 81901.6 388.33 211.124 0 0 104.7 96.14 0 0.13 0.04 0 4624.78 -49.9932 0 131.513 
42200 77815.8 402.54 195.929 0 0 104.71 96.83 0 0.08 0.05 0 4634.92 -49.6731 0 131.327 
42300 75227.4 388.5 193.573 0 0 104.23 97.4 0 0.06 0.01 0 4645.38 -52.6429 0 132.363 
42400 82048.8 392.91 208.235 0 0 105.94 98.15 0 0.07 0 0 4655.37 -53.7833 0 133.194 
42500 78259.7 397.838 197.251 0 0 106.374 97.0101 0 0.0505051 0.010101 0 4663.74 -49.92 0 131.507 
42600 66834.9 397.33 165.822 0 0 106.5 97 0 0.05 0.02 0 4674.14 -50.9006 0 130.495 
42700 80162.9 410.47 197.227 0 0 108.64 97.39 0 0.04 0 0 4684.55 -46.3468 0 126.493 
42800 69884 396.76 177.06 0 0 106.17 96.83 0 0.02 0.01 0 4695.26 -46.7627 0 125.171 
42900 65144.6 384.19 169.036 0 0 104.17 96.06 0 0.02 0.01 0 4707.73 -49.4951 0 122.339 
43000 74152.1 382.05 195.593 0 0 102.64 96.1 0 0.04 0 0 4719.39 -51.6116 0 123.16 
43100 74611.7 387.76 192.917 0 0 102.38 96.21 0 0.05 0.01 0 4728.36 -50.915 0 124.544 
43200 73462.8 384.86 191.356 0 0 102.89 97.21 0 0.07 0.03 0 4740.28 -47.0623 0 125.698 
43300 74117.2 404.09 190.745 0 0 101.99 95.75 0 0.03 0.01 0 4751.09 -45.911 0 124.082 
43400 68206.3 384.45 176.984 0 0 104 98.59 0 0.11 0.06 0 4763.03 -45.2919 0 124.282 
43500 76715.7 381.49 201.303 0 0 102.86 98.31 0 0.09 0.06 0 4774.76 -40.784 0 123.344 
43600 72922.4 377.28 193.104 0 0 101.98 95.67 0 0.06 0.02 0 4784.76 -42.4499 0 124.368 
43700 72213.9 377.404 189.165 0 0 101.283 95.8586 0 0.020202 0.020202 0 4796.39 -40.1012 0 124.776 
43800 77774.1 385.88 202.013 0 0 103.74 98.62 0 0.07 0.02 0 4807.19 -49.5219 0 127.182 
43900 77667.2 380.141 204.984 0 0 103.121 96.4343 0 0.040404 0.020202 0 4817.47 -52.823 0 128.849 
44000 81578.7 385.34 212.096 0 0 103.46 97.95 0 0.07 0.05 0 4828.07 -58.1506 0 127.918 
44100 76308.2 382.32 199.682 0 0 103.45 97.98 0 0.1 0.04 0 4838.42 -57.7221 0 128.987 
44200 71892.8 384.09 186.841 0 0 103.63 97.56 0 0.07 0.03 0 4849.98 -49.4502 0 129.434 
44300 56630.1 381.81 147.817 0 0 103.41 96.64 0 0.07 0.02 0 4860.59 -47.4398 0 127.202 
44400 70001.2 380.93 183.538 0 0 102.65 96.78 0 0.04 0.01 0 4872.48 -46.3484 0 125.039 
44500 70085.3 384.98 181.529 0 0 103.01 96.73 0 0.01 0.01 0 4884.03 -40.5926 0 123.448 
44600 80684.1 383.11 211.845 0 0 102.87 96.19 0 0.09 0.02 0 4895.53 -29.2101 0 120.38 
44700 75991.4 376.89 201.66 0 0 102.84 96.11 0 0.01 0.01 0 4906.11 -30.2981 0 120.645 
44800 72096.5 379.56 189.805 0 0 102.64 96.53 0 0.08 0.04 0 4916.54 -31.2413 0 121.053 
44900 74987.5 381.93 195.01 0 0 102.98 96.35 0 0.06 0.02 0 4926.78 -30.7968 0 123.052 
45000 70405 375.68 187.781 0 0 102.32 94.45 0 0.05 0.02 0 4938.03 -33.445 0 124.73 
45100 74284.9 380.94 194.999 0 0 103.44 96.78 0 0.07 0.01 0 4949.41 -37.5627 0 126.734 
45200 72075.2 383.39 188.398 0 0 103.82 98.5 0 0.02 0.01 0 4959.47 -35.5317 0 126.993 
45300 65511.7 376.39 173.916 0 0 102.91 95.89 0 0.03 0.01 0 4970.23 -33.0361 0 123.817 
45400 71809.7 405.67 188.269 0 0 102.02 95.86 0 0.05 0 0 4982.2 -34.0749 0 121.314 
45500 68388.3 382.36 178.81 0 0 102.9 97.51 0 0.09 0.05 0 4994.78 -35.6686 0 119.945 
45600 66333.9 380.63 174.628 0 0 102.66 97.76 0 0.02 0.02 0 5006.13 -29.371 0 119.467 
45700 83696.5 380.36 220.062 0 0 102.24 96.98 0 0.04 0.01 0 5017.41 -24.9826 0 119.673 
45800 74007.4 382.32 194.352 0 0 101.06 95.64 0 0.06 0.04 0 5027.77 -20.1277 0 124.183 
45900 65901.1 404.97 167.563 0 0 101.2 95.34 0 0.05 0.02 0 5037.31 -21.4814 0 124.347 
46000 70522.3 407.889 175.548 0 0 102.727 96.6364 0 0.020202 0 0 5048.81 -19.8832 0 123.038 
46100 74771.3 387.42 194.348 0 0 101.23 95.92 0 0.01 0 0 5059.83 -18.289 0 123.493 
46200 68334.2 391.32 176.06 0 0 102.09 96.53 0 0.08 0.04 0 5070.7 -16.1723 0 119.214 
46300 76791.6 383.08 200.798 0 0 102.6 98.73 0 0.01 0 0 5082.9 -16.1891 0 119.926 
46400 80422.8 380.899 212.108 0 0 102.717 97.7374 0 0.0707071 0.030303 0 5093.37 -16.2299 0 122.133 
46500 79794.9 379.49 210.626 0 0 101.79 95.9 0 0.08 0.02 0 5102.17 -16.0847 0 126.779 
46600 69929.1 378.4 185.814 0 0 101.25 96 0 0.08 0.03 0 5113.41 -25.8944 0 125.59 
46700 69449.7 382.14 183.415 0 0 100.51 95.19 0 0.15 0.04 0 5123.67 -28.1592 0 127.237 
46800 75290 376.47 199.871 0 0 98.68 92.96 0 0.03 0.01 0 5135.62 -29.5445 0 126.135 
46900 72982 382.879 191.616 0 0 99.6667 94.3838 0 0.040404 0.010101 0 5144.98 -24.9785 0 127.259 
47000 66747.9 386.545 174.209 0 0 100.242 94.899 0 0.020202 0.010101 0 5152.78 -23.2584 0 126.118 
47100 69517.4 384.67 181.616 0 0 99.56 94.94 0 0.04 0.01 0 5163.32 -26.1017 0 125.391 
47200 67825.9 391.828 175.043 0 0 100.535 95.3838 0 0.0505051 0.010101 0 5174.84 -26.4219 0 123.886 
47300 70586.5 381.56 184.77 0 0 98.7 94.05 0 0.01 0 0 5187.7 -26.3233 0 122.206 
47400 77329.6 389.66 199.706 0 0 100.14 95.8 0 0.11 0.06 0 5199.32 -30.5645 0 121.275 
47500 69068.6 381.47 180.652 0 0 101.03 96.5 0 0.05 0.01 0 5212.66 -35.3813 0 119.69 
47600 75885.4 400.28 184.157 0 0 107.1 101.48 0 0.05 0 0 5224.36 -32.6172 0 120.066 
47700 81730.3 426.38 192.967 0 0 113.92 107.91 0 0.02 0.01 0 5234.12 -30.0652 0 120.553 
47800 72132.8 441.54 164.094 0 0 115.85 109.05 0 0.06 0.01 0 5245.48 -28.7207 0 119.993 
47900 70832.9 408.414 174.499 0 0 108.828 101.889 0 0.020202 0.010101 0 5256.64 -33.4236 0 116.855 
48000 77894.3 391.02 199.09 0 0 104.12 97.48 0 0.05 0.01 0 5267.54 -30.8868 0 118.059 
48100 70760.7 383.636 183.169 0 0 102.364 95.3838 0 0.040404 0.020202 0 5278.42 -33.5638 0 118.915 
48200 74259.4 381.97 192.641 0 0 102.93 94.42 0 0.1 0.03 0 5288.91 -36.979 0 119.957 
48300 81596.6 372.55 218.843 0 0 99.79 94.01 0 0.03 0 0 5300.26 -38.3417 0 122.894 
48400 77520.2 373.19 207.417 0 0 100.8 93.48 0 0.03 0.01 0 5310.26 -38.3083 0 128.654 
48500 76643.2 369.53 207.079 0 0 98.83 94.2 0 0.07 0.03 0 5321.44 -42.4013 0 128.363 
48600 66490.8 369.87 179.913 0 0 99.05 94.94 0 0.03 0.03 0 5332.63 -43.3123 0 130.339 
48700 75759.1 363.5 207.612 0 0 97.8 92.79 0 0.06 0.03 0 5343.47 -39.6498 0 132.191 
48800 78525.4 369.69 211.987 0 0 99.02 94.61 0 0.04 0.01 0 5353.7 -44.2902 0 133.078 
48900 77955.9 377.75 208.595 0 0 98.8 93.95 0 0.02 0.01 0 5364.03 -47.5299 0 128.89 
49000 69877.4 366.92 190.694 0 0 99 94.56 0 0.04 0.03 0 5375.22 -42.164 0 131.675 
49100 77180.2 359.41 212.64 0 0 97.69 92.34 0 0.09 0.04 0 5386.59 -38.4406 0 131.622 
49200 71589.5 364.8 195.864 0 0 99.14 94.93 0 0.09 0.03 0 5398.48 -34.7081 0 130.878 
49300 71170.7 357.77 196.66 0 0 97.77 92.35 0 0.07 0.05 0 5410.08 -32.5811 0 130.655 
49400 75950.1 365.02 208.318 0 0 98.73 94.19 0 0.15 0.05 0 5420.15 -35.3379 0 132.896 
49500 76937.1 367.52 209.826 0 0 98.13 93.61 0 0.1 0.04 0 5430.74 -37.3815 0 132.456 
49600 77793.2 362.07 213.487 0 0 98.25 92.25 0 0.05 0 0 5440.51 -38.4659 0 133.75 
49700 59868.7 362.71 164.882 0 0 98.6 92.73 0 0.05 0.04 0 5451.49 -37.1574 0 133.359 
49800 66457.9 371.11 180.129 0 0 98.79 93.56 0 0.09 0.05 0 5463.21 -40.7474 0 132.391 
49900 65874.3 377.76 176.129 0 0 98.19 92.26 0 0.05 0.03 0 5473.65 -44.3707 0 130.6 
50000 60167.6 376.959 160.383 0 0 99.1122 92.8878 0 0.0510204 0.0204082 0 5483.4 -45.3116 0 124.622 
50100 73692.9 376.65 196.093 0 0 98.84 93.41 0 0.05 0.03 0 5497.96 -42.9221 0 121.332 
50200 70492 375.29 188.026 0 0 99.58 94.4 0 0.04 0.01 0 5508.47 -43.8173 0 121.729 
50300 74669 373.32 199.704 0 0 100.48 94.77 0 0.06 0.03 0 5520.22 -39.3102 0 122.362 
50400 77651.6 375.04 207.173 0 0 101.55 93.9 0 0.08 0.06 0 5529.85 -39.9556 0 122.912 
50500 76207.9 372.889 204.337 0 0 100.02 93.9697 0 0.0606061 0.030303 0 5541.36 -40.1972 0 128.658 
50600 72580.8 376.01 194.727 0 0 100.35 94.83 0 0.06 0.03 0 5552.69 -39.6499 0 128.739 
50700 69951.6 359.65 193.067 0 0 98.43 93.2 0 0.07 0.03 0 5566.13 -32.9573 0 128.838 
50800 70543.3 355.62 198.002 0 0 97.46 90.62 0 0.09 0.05 0 5577.01 -25.0043 0 128.729 
50900 64184.6 359.82 177.815 0 0 97.55 92.47 0 0.07 0.05 0 5591.22 -18.0769 0 129.382 
51000 76393.9 364.3 209.756 0 0 99.87 95.05 0 0.05 0.02 0 5603.19 -14.3014 0 128.789 
51100 78145.5 369.48 211.532 0 0 100.14 94.58 0 0.07 0.01 0 5614.6 -12.9659 0 128.877 
51200 77464.6 362.68 215.339 0 0 97.98 92.57 0 0.02 0.01 0 5625.37 -10.3212 0 132.52 
51300 73772.9 363.66 202.843 0 0 99.57 95.2 0 0.04 0.01 0 5635.8 -10.2284 0 133.881 
51400 69394.2 361.71 191.475 0 0 100.17 93.57 0 0.03 0.02 0 5645.89 -11.1222 0 135.356 
51500 73471.7 364.38 201.289 0 0 100.45 94.67 0 0.05 0.03 0 5657.7 -10.717 0 133.72 
51600 71957.5 367.333 195.012 0 0 100.01 94.9899 0 0.0505051 0.030303 0 5668.73 -12.7102 0 134.341 
51700 76553.7 362.69 211.336 0 0 99.77 94.97 0 0.09 0.05 0 5679.57 -11.7918 0 129.818 
51800 80561.3 363.838 221.787 0 0 99.0606 95.4444 0 0.040404 0.010101 0 5692.74 -9.67743 0 129.983 
51900 72103.5 365.74 195.865 0 0 98.32 94.39 0 0.07 0.04 0 5702.92 -10.4734 0 129.104 
52000 73085.9 365.84 199.078 0 0 98.11 93.47 0 0.01 0 0 5714.04 -12.6196 0 129.77 
52100 79628.9 370.79 215.531 0 0 100.01 96.38 0 0.06 0.04 0 5726.07 -14.3106 0 129.303 
52200 76099 367.455 208.243 0 0 98.4141 94.3838 0 0.040404 0.020202 0 5737.2 -16.0338 0 133.162 
52300 72014.6 363.06 198.407 0 0 98.62 95.85 0 0.02 0 0 5748.44 -18.1443 0 131.259 
52400 72361.9 366.62 196.826 0 0 97.95 95.25 0 0.04 0 0 5758.7 -19.486 0 131.516 
52500 84846 373.52 227.757 0 0 98.74 95.64 0 0.04 0.02 0 5769.44 -21.3417 0 132.439 
52600 77878.7 382.091 205.374 0 0 99.697 96.7576 0 0.0505051 0.010101 0 5779.44 -20.005 0 134.922 
52700 78022.7 381.69 205.268 0 0 100.01 96.54 0 0.05 0.01 0 5788.86 -18.8718 0 133.882 
52800 73959.1 386.44 194.261 0 0 103.02 100.18 0 0.06 0.03 0 5800.73 -18.265 0 133.285 
52900 74667.8 364.6 205.618 0 0 98.21 95.21 0 0.02 0.02 0 5812.13 -17.3276 0 131.799 
53000 65365.1 355.65 182.132 0 0 96.63 92.02 0 0.06 0.03 0 5824.39 -20.9138 0 131.525 
53100 78837.8 358.68 219.613 0 0 97.8 94.38 0 0.1 0.06 0 5836.42 -20.3539 0 129.276 
53200 73133 360.212 203.061 0 0 97.9192 95.0202 0 0 0 0 5847.81 -15.3337 0 126.827 
53300 71059.7 358.89 197.962 0 0 97.92 94.72 0 0.06 0.02 0 5859.01 -14.5521 0 126.227 
53400 70372 358 196.524 0 0 98.12 94.95 0 0.04 0.01 0 5871.57 -16.4479 0 126.351 
53500 74934.1 356.36 208.799 0 0 98.28 94.31 0 0.03 0.01 0 5883.31 -10.8355 0 128.117 
53600 76310.9 367.95 207.042 0 0 98.77 95.54 0 0.1 0.04 0 5893.92 -12.1781 0 129.652 
53700 79577.2 370.05 215.624 0 0 98.81 95.48 0 0.02 0 0 5904.77 -8.221 0 131.625 
53800 80097.4 371.81 215.568 0 0 99.7 96.54 0 0.05 0.03 0 5914.88 -5.80582 0 135.216 
53900 78020.6 370.35 211.06 0 0 100 96.77 0 0.11 0.06 0 5925.71 -10.2613 0 135.213 
54000 67577.1 363.33 184.213 0 0 99.86 95.85 0 0.08 0.02 0 5937.31 -11.5902 0 134.843 
54100 73486.5 368.1 199.997 0 0 101.02 97.52 0 0.01 0.01 0 5949.06 -12.867 0 135.009 
54200 84052 368.23 228.959 0 0 100.02 96.8 0 0.01 0 0 5959.55 -13.5777 0 135.452 
54300 76456.7 373.44 207.773 0 0 99.41 95.61 0 0.06 0.02 0 5969.87 -8.18874 0 135.78 
54400 66597.6 369.25 179.233 0 0 101 96.14 0 0.07 0.02 0 5979.21 -8.10244 0 137.295 
54500 87020.3 377.25 229.692 0 0 100.99 97.16 0 0.07 0.01 0 5989.95 -3.61686 0 134.641 
54600 79741.9 376.39 212.896 0 0 100.23 97.11 0 0.03 0 0 6001.58 -8.80151 0 136.253 
54700 75360.4 369.31 203.161 0 0 100.16 96.03 0 0.07 0.04 0 6011.19 -1.014 0 136.325 
54800 64224.9 378.808 169.408 0 0 102.394 99.2424 0 0.0606061 0.010101 0 6021.25 0.769361 0 131.83 
54900 79338.8 390.15 205.567 0 0 103.47 99.48 0 0.02 0 0 6032.13 1.08301 0 130.655 
55000 79816.6 382.63 206.963 0 0 103.18 99.45 0 0.03 0.02 0 6042.68 1.89207 0 133.086 
55100 86435.8 391.89 222.818 0 0 104.02 100.18 0 0.05 0.03 0 6052.45 5.67454 0 131.78 
55200 73277.4 389.17 188.084 0 0 103.58 99.68 0 0.06 0 0 6062.65 6.35726 0 130.611 
55300 77291.5 394.38 198.863 0 0 103.65 98.95 0 0.04 0.01 0 6073.18 8.53576 0 131.67 
55400 78606.4 381.745 206.941 0 0 103.469 98.7857 0 0.0714286 0.0408163 0 6083.09 5.91555 0 132.825 
55500 74850.8 386.92 194.001 0 0 105.09 99.36 0 0.05 0.02 0 6093.18 11.4774 0 131.535 
55600 83237.7 399.58 206.465 0 0 107.56 103.37 0 0.13 0.02 0 6103.76 8.41822 0 129.714 
55700 85836 401.29 215.908 0 0 108.08 101.73 0 0.03 0.01 0 6112.82 2.93791 0 129.573 
55800 80109.4 380.32 210.292 0 0 102.86 97.56 0 0.04 0.02 0 6122.2 3.69423 0 130.611 
55900 64376.5 381.582 168.852 0 0 103.582 97.6837 0 0.0408163 0.0204082 0 6132.38 8.4213 0 128.879 
56000 78418.1 383.788 206.218 0 0 103.384 98.7475 0 0 0 0 6144.06 6.55879 0 127.52 
56100 78870.7 386.92 204.036 0 0 104.29 99.38 0 0.06 0.03 0 6155.22 7.90397 0 127.257 
56200 73765.2 380.37 192.896 0 0 103.26 99 0 0.06 0.02 0 6166.61 13.4643 0 127.459 
56300 82485 387.697 215.329 0 0 103.535 100.232 0 0.040404 0 0 6177.03 13.2579 0 126.486 
56400 77252.9 421.34 201.717 0 0 103.5 98.59 0 0.11 0.04 0 6187.76 13.9917 0 128.136 
56500 72737.3 398.643 187.512 0 0 105.163 100.541 0 0.0102041 0 0 6196.94 12.6284 0 130.17 
56600 69550.9 434.71 173 0 0 103.73 97.66 0 0.1 0.03 0 6208.81 16.3514 0 130.857 
56700 77290.3 398.38 197.989 0 0 104.77 100.85 0 0.01 0 0 6220.15 16.1283 0 128.539 
56800 77772.8 378.06 205.131 0 0 102.56 97.48 0 0.05 0.02 0 6231.13 19.2257 0 128.689 
56900 73314.2 395.2 191.872 0 0 104.12 99.85 0 0.05 0.01 0 6241.71 19.8356 0 126.973 
57000 90142.2 383.59 235.083 0 0 103.08 99.06 0 0.07 0.04 0 6252.48 18.7366 0 128.082 
57100 85291.9 393.29 221.355 0 0 103.58 100.41 0 0.07 0.01 0 6263.15 15.6633 0 130.292 
57200 70575 375.17 188.315 0 0 102.37 98.3 0 0.04 0 0 6274.01 16.6863 0 131.842 
57300 73704.5 378.747 193.855 0 0 102.859 98.4747 0 0.020202 0.010101 0 6285.19 17.6498 0 128.233 
57400 86823.1 382.14 226.952 0 0 102.53 97.78 0 0.07 0.03 0 6296.27 22.6518 0 128.207 
57500 72184.7 386.54 188.544 0 0 102.45 97.96 0 0.04 0.02 0 6305.98 20.9057 0 126.807 
57600 78499.4 406.41 203.744 0 0 104.49 99.8 0 0.02 0 0 6317.05 21.9782 0 122.878 
57700 81435.6 385.34 211.501 0 0 104.76 99.88 0 0.02 0 0 6327.36 21.9359 0 122.986 
57800 75286.4 407.24 193.813 0 0 104.84 98.57 0 0.05 0.05 0 6336.75 23.886 0 128.872 
57900 82744.1 384 214.089 0 0 104.14 99.49 0 0.1 0.05 0 6348.19 19.7548 0 127.194 
58000 75239 387.83 195.011 0 0 104.3 99.4 0 0.03 0 0 6358.94 18.8389 0 126.233 
58100 79379.5 388.45 204.041 0 0 105.74 102.31 0 0.09 0 0 6370.68 18.2328 0 126.559 
58200 87092.5 386.5 224.743 0 0 103.22 99.81 0 0.06 0.02 0 6381.15 16.744 0 129.146 
58300 78247.1 380.24 205.523 0 0 102.41 98.19 0 0.03 0.02 0 6391.32 16.408 0 128.473 
58400 73228.6 377.222 194.403 0 0 102.434 97.5859 0 0 0 0 6401.26 13.3165 0 131.784 
58500 77820.1 384.41 203.659 0 0 104.28 100.14 0 0.05 0.02 0 6412.29 13.0969 0 131.197 
58600 77743.3 382.55 202.848 0 0 104.34 100.45 0 0.11 0.05 0 6423.21 9.78995 0 130.972 
58700 74178.8 382.19 193.175 0 0 104.16 98.77 0 0.08 0.05 0 6433.17 7.28507 0 127.917 
58800 75998.5 386.081 196.904 0 0 104.939 101.596 0 0.0606061 0.010101 0 6444.6 4.16 0 125.328 
58900 81587.2 384.78 212.184 0 0 104.75 102.71 0 0.06 0.03 0 6454.95 4.5608 0 124.684 
59000 90157.1 384.13 234.672 0 0 105.09 102.28 0 0.07 0.01 0 6465.71 5.37933 0 127.444 
59100 85044 376.38 224.834 0 0 103.4 100.13 0 0.06 0.03 0 6475.69 4.41878 0 128.981 
59200 81270.2 378.03 214.701 0 0 103.31 101.11 0 0.08 0.02 0 6485.14 7.01109 0 133.879 
59300 85359.7 380.24 225.067 0 0 103.42 101.32 0 0.02 0 0 6495.21 7.77561 0 137.571 
59400 80685.9 389.657 212.064 0 0 105.293 103.061 0 0.0707071 0.040404 0 6505.22 7.08782 0 139.662 
59500 84434.1 377.55 225.324 0 0 104.06 101.28 0 0.03 0.01 0 6515.12 7.07322 0 140.42 
59600 93698 366.34 257.544 0 0 105.25 101.25 0 0.04 0.01 0 6524.58 8.85993 0 145.819 
59700 88178.2 371.73 241.81 0 0 102.79 100.39 0 0.04 0.02 0 6534.49 11.2244 0 146.7 
59800 80270.8 359.86 223.833 0 0 101.33 98.29 0 0.02 0.01 0 6544.94 8.59893 0 148.045 
59900 84828.3 360.02 237.986 0 0 103.53 100.79 0 0.12 0.08 0 6557.19 4.85654 0 150.104 
60000 78162.2 354.06 226.913 0 0 103.27 100.19 0 0.03 0.02 0 6568.49 3.57603 0 151.219 
60100 81959.5 342.56 240.746 0 0 104.76 100.71 0 0.05 0.02 0 6581.92 4.23455 0 152.789 
60200 93678.5 326.05 289.281 0 0 108.36 103.9 0 0.01 0 0 6598.15 -0.372277 0 154.619 
60300 92292.8 331.273 285.138 0 0 113.929 109.919 0 0.040404 0.010101 0 6614.01 -3.51472 0 160.812 
60400 80067.4 304.09 264.074 0 0 110.29 106.18 0 0.09 0.02 0 6628.32 -5.72874 0 167.187 
60500 76257.7 295.7 260.402 0 0 109.56 105.48 0 0.03 0.01 0 6641.68 -5.86563 0 169.908 
60600 91799.3 295.12 311.111 0 0 109.05 104.74 0 0.03 0.01 0 6656.62 -9.49054 0 172.183 
60700 81958.3 301.51 273.695 0 0 109.97 104.85 0 0.02 0.02 0 6669.29 -7.00161 0 178.398 
60800 86908.6 299.62 290.503 0 0 109.93 105.69 0 0.04 0.02 0 6682.22 -1.61502 0 177.531 
60900 89912.7 301.47 299.787 0 0 110.28 105.3 0 0.07 0.02 0 6695.38 -7.54429 0 177.285 
61000 90534.8 328.91 284.292 0 0 113.9 107.4 0 0.05 0.02 0 6707.05 -5.24221 0 179.791 
61100 82777.7 307.09 276.913 0 0 109.65 105.7 0 0.06 0.01 0 6719.73 -10.7047 0 182.986 
61200 85759.8 294.86 289.717 0 0 108.2 103.28 0 0.08 0.02 0 6732.44 -12.446 0 183.519 
61300 82511 298.29 277.397 0 0 109.19 105.53 0 0.01 0 0 6745.93 -8.08277 0 182.873 
61400 87459.6 312.6 290.737 0 0 108.39 102.75 0 0.06 0.03 0 6758.28 -14.5276 0 182.382 
61500 91417.9 308.52 302.395 0 0 109.71 105.5 0 0.08 0.02 0 6770.06 -10.6918 0 185.838 
61600 86419.2 298.263 286.665 0 0 108.758 101.263 0 0.121212 0.040404 0 6782.3 -13.8442 0 185.925 
61700 90319.5 296.83 303.471 0 0 108.42 100.82 0 0.03 0.01 0 6793.94 -11.7734 0 182.089 
61800 85094.4 300.97 288.223 0 0 108.46 102.6 0 0.07 0.03 0 6806.52 -12.7669 0 183.966 
61900 89291.6 312.21 292.324 0 0 107.45 100.71 0 0.09 0.01 0 6819.21 -15.748 0 182.922 
62000 107512 326.66 339.314 0 0 110.55 104.54 0 0.16 0.09 0 6832.31 -20.5485 0 185.547 
62100 141928 315.98 450.479 0 0 112.96 107.859 0 0.0606061 0.020202 0 6847.64 -17.2932 0 201.381 
62200 167286 324.03 515.249 0 0 117.81 112.65 0 0.1 0.02 0 6865.69 -18.5825 0 221.101 
62300 187553 333.86 563.735 0 0 119 112.73 0 0.02 0.01 0 6880.54 -17.8041 0 253.336 
62400 181707 353.67 542.052 0 0 115.81 108.41 0 0.03 0.03 0 6893.52 -19.51 0 280.159 
62500 169384 340.9 505.46 0 0 117.41 110.26 0 0.05 0.02 0 6906.29 -21.8538 0 301.916 
62600 184353 328.22 561.19 0 0 117.94 109.69 0 0.04 0.02 0 6918.53 -23.6934 0 312.088 
62700 172433 331.08 550.01 0 0 112.71 109.11 0 0.07 0.02 0 6933 -26.823 0 325.832 
62800 174230 316.8 549.868 0 0 113.98 108.09 0 0.06 0.01 0 6945.36 -24.9271 0 325.17 
62900 174359 323.919 539.755 0 0 116.576 109.303 0 0.040404 0.020202 0 6958.69 -25.1575 0 328.599 
63000 161919 340.47 481.682 0 0 117.45 109.71 0 0.04 0.01 0 6970.81 -24.0619 0 333.282 
63100 167668 319.19 524.985 0 0 115.98 109.85 0 0.08 0.02 0 6983.41 -24.7376 0 336.772 
63200 165585 321.131 510.19 0 0 117.788 111.091 0 0.0505051 0.010101 0 6996.28 -27.8861 0 331.858 
63300 164756 339.49 493.507 0 0 123.47 117.22 0 0.05 0.02 0 7009.34 -32.9709 0 332.845 
63400 176486 329.081 538.175 0 0 120.323 112.97 0 0.030303 0.010101 0 7022.4 -36.1575 0 333.21 
63500 181613 333.67 547.712 0 0 119.36 112.34 0 0.02 0.01 0 7034.53 -33.1189 0 335.931 
63600 175825 329.636 533.307 0 0 120.717 113.859 0 0.0606061 0 0 7046.9 -30.5779 0 329.594 
63700 165617 342.28 486.377 0 0 124.12 115.09 0 0.13 0.03 0 7057.98 -28.1688 0 334.055 
63800 182552 351.32 526.406 0 0 126.21 116.92 0 0.12 0.03 0 7069.11 -25.6086 0 333.412 
63900 177182 360.64 493.893 0 0 121.65 114.51 0 0.03 0.02 0 7080.06 -24.1771 0 334.349 
64000 192961 344.8 562.764 0 0 121.56 114.13 0 0.01 0.01 0 7092.17 -27.1417 0 327.127 
64100 176970 354.82 516.232 0 0 119.91 114.29 0 0.08 0.04 0 7103.8 -27.0176 0 331.709 
64200 191826 363.65 532.104 0 0 122.18 115.09 0 0.08 0.03 0 7114.67 -28.3898 0 329.294 
64300 170440 344.71 513.95 0 0 118.99 114.69 0 0.08 0.03 0 7128.48 -34.8768 0 328.138 
64400 172395 333.94 525.297 0 0 120.29 114.39 0 0.09 0.02 0 7141.84 -37.1619 0 329.466 
64500 177464 355.11 507.066 0 0 121.85 115.78 0 0.04 0.02 0 7154.14 -41.3846 0 333.113 
64600 197922 346.32 575.448 0 0 124.71 118.22 0 0.08 0.02 0 7167.59 -45.0134 0 329.574 
64700 166045 369.04 460.363 0 0 126.36 116.01 0 0.03 0.01 0 7178.59 -45.3183 0 333.5 
64800 151636 362.606 420.381 0 0 127.283 118.404 0 0.0505051 0 0 7189 -43.7233 0 327.156 
64900 167320 344.48 484.605 0 0 126.08 115.27 0 0.05 0.01 0 7201.16 -39.621 0 319.734 
65000 170026 345.3 491.209 0 0 125.68 115.12 0 0.02 0 0 7212.67 -37.5361 0 317.289 
65100 197402 352.77 560.455 0 0 130.07 122.05 0 0.02 0 0 7227.28 -40.0213 0 316.578 
65200 189181 345.15 547.161 0 0 128.31 119.51 0 0.09 0.03 0 7239.86 -46.1915 0 319.418 
65300 196494 354.39 557.295 0 0 128.33 121.31 0 0.03 0 0 7253.55 -44.2546 0 328.913 
65400 202085 347.44 584.931 0 0 127.2 119.87 0 0.09 0.01 0 7264.17 -43.7554 0 336.532 
65500 186540 354.95 529.409 0 0 128.34 120.16 0 0.07 0.01 0 7275.56 -44.1401 0 341.596 
65600 157588 349.687 459.787 0 0 128.475 118.283 0 0.040404 0 0 7288.98 -45.8718 0 350.048 
65700 177135 348.4 506.028 0 0 129.65 121.86 0 0.04 0 0 7301.66 -47.298 0 341.86 
65800 174120 359.1 490.123 0 0 133.37 123.24 0 0.04 0.01 0 7313.88 -44.8412 0 340.807 
65900 184077 352.848 528.83 0 0 131.717 122.192 0 0.0505051 0.010101 0 7325.74 -42.2429 0 339.274 
66000 186877 355.51 528.687 0 0 129.16 120.39 0 0.08 0.03 0 7337.62 -44.319 0 333.65 
66100 225296 366.09 621.335 0 0 133.51 123.79 0 0.09 0.02 0 7349.77 -40.8957 0 334.79 
66200 215908 365.37 592.247 0 0 134.97 124.5 0 0.04 0 0 7360.18 -40.4964 0 344.65 
66300 190972 358.24 527.887 0 0 133.51 124.98 0 0.04 0 0 7370.91 -40.6952 0 350.769 
66400 200143 381.95 525.046 0 0 135.72 128.12 0 0.05 0.02 0 7381.28 -40.4429 0 350.908 
66500 195565 401.28 498.657 0 0 144.2 138.72 0 0.09 0.04 0 7391.88 -40.2849 0 351.002 
66600 199431 393.23 513.897 0 0 143.53 133.53 0 0.06 0.01 0 7402.59 -41.0989 0 342.178 
66700 193542 389.13 518.2 0 0 137.12 126.45 0 0.02 0 0 7413.65 -38.0715 0 331.391 
66800 193697 362.63 533.773 0 0 135.04 125.46 0 0.04 0.01 0 7425.3 -38.6471 0 316.552 
66900 185938 364.52 510.396 0 0 136.43 123.34 0 0.07 0.03 0 7436.49 -36.2457 0 307.444 
67000 201662 381.57 531.315 0 0 141.2 126.15 0 0.04 0.02 0 7447.23 -36.66 0 304.075 
67100 198519 365.66 539.142 0 0 136.59 125.19 0 0.09 0.02 0 7459.02 -40.9764 0 305.824 
67200 198995 371.91 542.671 0 0 136.16 127.92 0 0.03 0.01 0 7470.32 -39.2954 0 306.834 
67300 189818 370.95 522.526 0 0 132.46 126.35 0 0.07 0.02 0 7481.76 -42.0108 0 309.138 
67400 190624 376.62 519.13 0 0 134.76 126.92 0 0.04 0 0 7492.8 -36.4274 0 317.41 
67500 204581 383.99 549.883 0 0 135.02 127.27 0 0.01 0 0 7504.07 -36.2716 0 324.115 
67600 219539 378.57 583.548 0 0 135.66 126.71 0 0.04 0.01 0 7514.59 -38.7686 0 324.912 
67700 225034 381.19 595.33 0 0 137.91 126.98 0 0.03 0 0 7526.09 -49.7991 0 332.169 
67800 214496 391.13 565.458 0 0 141.02 129.46 0 0.1 0 0 7537.54 -57.3881 0 340.762 
67900 218981 368.16 596.901 0 0 135.26 130.03 0 0.08 0.04 0 7549.74 -54.0419 0 345.374 
68000 227717 369.16 615.815 0 0 136.72 130.21 0 0.05 0.01 0 7560.82 -51.5601 0 354.722 
68100 205486 381.55 547.658 0 0 136.2 129.99 0 0.01 0.01 0 7570.62 -51.0772 0 361.465 
68200 202837 394.99 523.691 0 0 138.54 133.13 0 0.02 0 0 7580.88 -54.2981 0 358.093 
68300 185135 383.313 482.125 0 0 137.101 129.101 0 0.040404 0 0 7592.32 -56.0553 0 351.865 
68400 206688 376.76 548.659 0 0 137.95 131.72 0 0.07 0.04 0 7604.1 -56.0509 0 343.365 
68500 213948 371.26 573.244 0 0 136.51 131.38 0 0.04 0.01 0 7615.15 -56.7064 0 335.901 
68600 225253 377.58 602.11 0 0 138.64 134.35 0 0.02 0 0 7625.85 -58.5692 0 332.78 
68700 201842 363.04 548.894 0 0 136.87 128.58 0 0.03 0.01 0 7636.04 -57.7257 0 334.66 
68800 206662 369.55 559.853 0 0 136.95 128.94 0 0.09 0.02 0 7647.23 -59.9175 0 341.114 
68900 204109 366.07 556.615 0 0 136.19 128.24 0 0.13 0.02 0 7657.38 -58.2206 0 350.608 
69000 176027 376.29 463.723 0 0 137.41 126.9 0 0.08 0.01 0 7667.77 -56.3828 0 351.194 
69100 206473 384.26 543.319 0 0 139.19 130.2 0 0.02 0 0 7678.23 -58.1569 0 353.217 
69200 170864 386.52 454.893 0 0 139.77 129.1 0 0.03 0.01 0 7688.78 -59.194 0 345.749 
69300 160232 408.54 407.333 0 0 145.75 130.08 0 0.14 0.04 0 7699.41 -58.0898 0 331.786 
69400 193228 381.69 510.492 0 0 142.63 128.55 0 0.01 0 0 7710.83 -59.6339 0 323.924 
69500 182952 383.04 489.398 0 0 137.81 127.01 0 0.02 0.02 0 7721.94 -60.4655 0 322.313 
69600 214854 377.53 571.151 0 0 137.68 127.61 0 0.03 0.02 0 7732.04 -60.4407 0 317.138 
69700 192260 387.34 498.371 0 0 141.77 125.16 0 0 0 0 7741.24 -62.0687 0 322.661 
69800 200617 397.88 510.326 0 0 143.62 129.15 0 0.01 0 0 7751.81 -66.3941 0 324.739 
69900 176354 392.85 455.997 0 0 141.23 129.48 0 0.03 0.01 0 7761.7 -65.7832 0 321.555 
70000 222492 417.16 545.669 0 0 143.76 128.93 0 0.03 0 0 7772.8 -65.7532 0 313.729 
70100 203041 401.22 503.939 0 0 144.62 131.86 0 0.05 0 0 7783.22 -64.9087 0 310.435 
70200 189522 385.19 492.867 0 0 143.12 129.97 0 0.04 0.01 0 7793.93 -65.4532 0 307.17 
70300 200915 378.58 532.343 0 0 138.63 128.44 0 0.01 0 0 7803.95 -66.4345 0 310.991 
70400 213151 369.15 576.451 0 0 135.26 126.09 0 0.05 0.02 0 7814.51 -67.3958 0 319.694 
70500 200487 399.09 523.606 0 0 138.16 123.95 0 0.04 0.01 0 7822.95 -70.1274 0 325.873 
70600 205445 386.79 550.299 0 0 135.43 123.53 0 0.03 0.02 0 7833.62 -71.9295 0 329.398 
70700 194126 384.63 511.996 0 0 136.29 125.17 0 0.04 0 0 7842.9 -73.3449 0 334.539 
70800 210920 386.77 554.533 0 0 134.65 123.96 0 0 0 0 7854.07 -74.2373 0 342.185 
70900 190789 370.3 514.916 0 0 136.41 125.9 0 0.09 0.01 0 7864.4 -72.7488 0 339.246 
71000 198531 379.69 526.094 0 0 135.24 125.43 0 0.05 0.02 0 7873.22 -70.1433 0 340.948 
71100 183874 374.62 488.317 0 0 136.9 127.2 0 0.03 0 0 7882.5 -69.0759 0 339.786 
71200 182660 387.59 490.071 0 0 131.68 121.73 0 0.08 0 0 7893.21 -69.772 0 331.392 
71300 207895 387.98 544.201 0 0 137.96 128.86 0 0.03 0.01 0 7904.63 -71.6581 0 324.675 
71400 233470 402.14 587.596 0 0 141.66 129.33 0 0.03 0.01 0 7914.93 -72.2665 0 327.075 
71500 209831 412.21 526.803 0 0 141.42 128.61 0 0.05 0.01 0 7924.37 -68.9749 0 332.147 
71600 195407 392.87 495.697 0 0 143.03 127.71 0 0.03 0.01 0 7933.45 -72.2403 0 329.818 
71700 201526 413.29 499.09 0 0 142.94 127.65 0 0.05 0.02 0 7943.55 -73.2636 0 328.514 
71800 212424 445.93 490.56 0 0 143.13 129.42 0 0.02 0 0 7952.7 -75.3293 0 321.29 
71900 179388 431.52 414.936 0 0 149.59 131.95 0 0.07 0.02 0 7962.54 -77.2282 0 312.15 
72000 186316 405.53 460.399 0 0 142.8 127.22 0 0.03 0 0 7973.51 -78.8755 0 294.14 
72100 207528 397.26 521.551 0 0 143.3 129.1 0 0.06 0.01 0 7984.54 -83.2371 0 289.451 
72200 210138 402.69 531.117 0 0 140.82 125.31 0 0.02 0 0 7994.46 -83.8799 0 295.814 
72300 188287 390.59 487.527 0 0 140.76 128 0 0.06 0.02 0 8004.58 -83.8029 0 302.602 
72400 173912 388.54 455.078 0 0 136.49 125.48 0 0.01 0 0 8014.89 -83.6074 0 300.356 
72500 201966 388.23 529.259 0 0 136.1 123.63 0 0.03 0 0 8026.01 -82.6108 0 304.683 
72600 205889 380.97 540.332 0 0 137.26 123.56 0 0.03 0.01 0 8036.3 -80.9787 0 313.774 
72700 196227 366.89 529.553 0 0 133.63 117.89 0 0.07 0 0 8046.88 -78.9148 0 306.091 
72800 183335 375.56 506.758 0 0 133.16 117.86 0 0.1 0.04 0 8056.62 -81.3849 0 295.255 
72900 197009 409.86 536.514 0 0 133.01 117.22 0 0.04 0.03 0 8067.92 -81.3182 0 296.751 
73000 187623 371.96 509.141 0 0 134.92 117.24 0 0.06 0 0 8078.15 -84.0769 0 300.163 
73100 185908 379.73 487.688 0 0 137.59 120.38 0 0.04 0.01 0 8089.73 -81.3934 0 289.526 
73200 201887 359.53 558.95 0 0 132.89 114.6 0 0.04 0.01 0 8100.46 -84.6611 0 293.161 
73300 198221 364.53 545.328 0 0 134.87 117.29 0 0.05 0.02 0 8111.64 -88.1423 0 296.421 
73400 193677 373.13 519.525 0 0 135.89 116.02 0 0.04 0 0 8122.11 -87.4443 0 298.919 
73500 189768 375.505 495.143 0 0 137.444 115.364 0 0.040404 0.020202 0 8133.19 -80.0699 0 296.13 
73600 183185 390.93 471.622 0 0 142.01 118.08 0 0.04 0 0 8142.39 -76.8724 0 293.934 
73700 184383 397.83 465.782 0 0 141.07 115.07 0 0.07 0.03 0 8150.97 -80.3716 0 282.151 
73800 195988 393.96 501.747 0 0 143.232 118.364 0 0.040404 0.010101 0 8160.57 -75.4391 0 278.237 
73900 183605 385.66 490.926 0 0 136.1 118.11 0 0 0 0 8171.48 -76.9741 0 278.968 
74000 197862 386.758 512.736 0 0 134.131 121.242 0 0.0606061 0.020202 0 8182.97 -75.5893 0 274.829 
74100 203239 396.98 533.488 0 0 132.79 121.69 0 0.08 0.02 0 8194.6 -73.7597 0 281.278 
74200 219754 437.81 508.191 0 0 141.64 125.01 0 0.08 0.03 0 8203.51 -71.4217 0 286.996 
74300 197702 461.07 458.225 0 0 148.97 126.98 0 0.05 0.02 0 8212.64 -72.2746 0 292.515 
74400 206929 450.35 478.1 0 0 149.28 127.72 0 0.02 0.02 0 8221.56 -71.9527 0 283.44 
74500 188576 442.13 463.958 0 0 149.45 125.4 0 0.05 0.01 0 8233.32 -67.2956 0 282.898 
74600 203957 431.72 498.805 0 0 151.03 125.05 0 0.02 0.01 0 8243.92 -65.7069 0 277.917 
74700 181433 386.34 484.53 0 0 137.72 120.92 0 0.05 0.02 0 8256.25 -58.7297 0 284.191 
74800 196090 435.485 493.163 0 0 148.667 121.798 0 0.020202 0 0 8265.37 -59.4355 0 286.754 
74900 192645 430.94 480.666 0 0 146.5 119.01 0 0.05 0 0 8275.29 -60.8567 0 292.88 
75000 202490 397.63 530.793 0 0 141.87 117.06 0 0.06 0.01 0 8288.07 -63.811 0 293.823 
75100 190210 382.859 503.867 0 0 141.879 117.889 0 0.0606061 0.040404 0 8299.49 -63.5522 0 295.017 
75200 198927 408.545 500.677 0 0 144.131 119.97 0 0.020202 0 0 8310 -61.3415 0 288.87 
75300 222681 385.2 580.878 0 0 146.29 121.33 0 0.02 0 0 8320.08 -59.4773 0 282.459 
75400 199673 402.687 499.129 0 0 146.808 120.566 0 0.0505051 0.010101 0 8329.99 -62.4559 0 283.543 
75500 212590 454.02 499.406 0 0 148.7 123.82 0 0.05 0.04 0 8338.53 -62.1499 0 288.724 
75600 187934 399.29 486.73 0 0 143.85 121.81 0 0.07 0 0 8350.03 -64.5791 0 287.988 
75700 189863 373.31 509.103 0 0 138.57 118.96 0 0.02 0 0 8361.9 -62.0229 0 290.393 
75800 198948 385.87 523.022 0 0 138.66 117.12 0 0.04 0.01 0 8373.07 -59.6733 0 289.936 
75900 194522 396.48 511.539 0 0 137.64 116.88 0 0.03 0.01 0 8382.77 -61.3224 0 288.266 
76000 179018 367.24 494.302 0 0 131.89 114.58 0 0.03 0 0 8395.17 -62.6438 0 285.637 
76100 186911 361.22 526.644 0 0 128.17 115.82 0 0.03 0.02 0 8406.96 -61.8084 0 296.41 
76200 214841 387.6 588.223 0 0 128.75 117.9 0 0.03 0.02 0 8417.81 -66.2522 0 298.858 
76300 203600 354.76 585.876 0 0 122.31 113.09 0 0.07 0.02 0 8430.42 -61.3112 0 310.953 
76400 172808 354.653 497.663 0 0 121.694 113.051 0 0.0510204 0.0102041 0 8441.09 -58.0692 0 310.317 
76500 177170 366.1 513.723 0 0 123.18 114.39 0 0.03 0.01 0 8452 -61.0357 0 313.06 
76600 188572 378.22 523.3 0 0 124.84 114.91 0 0.08 0.04 0 8462.47 -63.3396 0 301.564 
76700 202458 379.18 577.361 0 0 124.97 114.64 0 0.06 0.02 0 8473.77 -65.1961 0 301.123 
76800 189857 357.747 546.793 0 0 123.798 114.071 0 0.030303 0 0 8484.16 -67.7912 0 301.31 
76900 213372 366.34 601.79 0 0 126.44 114.96 0 0.01 0.01 0 8494.19 -69.6393 0 306.85 
77000 190396 355.21 541.85 0 0 126.38 114.06 0 0.06 0.03 0 8505.52 -64.7074 0 313.509 
77100 178692 365.273 508.805 0 0 124.97 113.747 0 0.0606061 0.010101 0 8516.79 -74.1696 0 312.206 
77200 166759 385.62 462.111 0 0 125.45 111.61 0 0 0 0 8527.35 -75.453 0 305.776 
77300 190547 362.77 542.813 0 0 122.22 114.49 0 0 0 0 8540.84 -83.2456 0 296.129 
77400 170555 377.78 487.957 0 0 120.7 111.61 0 0.06 0.02 0 8552.18 -82.2901 0 293.275 
77500 202499 362.535 584.115 0 0 122.535 112.99 0 0 0 0 8563.92 -83.9237 0 284.179 
77600 205539 361.1 584.918 0 0 126.59 115.79 0 0.11 0.03 0 8573.33 -86.1722 0 294.475 
77700 184600 380.37 505.609 0 0 125.87 115.36 0 0.08 0.04 0 8585.57 -84.503 0 297.788 
77800 207491 372.96 570.977 0 0 131.16 120.18 0 0.05 0 0 8598.09 -85.2525 0 303.511 
77900 202829 399.97 527.337 0 0 137.55 124.47 0 0 0 0 8607.72 -84.5704 0 307.332 
78000 185549 405.57 445.68 0 0 145.96 126.93 0 0.03 0.02 0 8616.57 -85.2342 0 307.535 
78100 175138 446.67 407.942 0 0 148.46 126.58 0 0.05 0 0 8625.43 -84.0071 0 295.332 
78200 222176 460.39 504.14 0 0 153.49 131.14 0 0.07 0.01 0 8635.57 -82.1294 0 288.184 
78300 180688 388.121 473.793 0 0 141.778 120.929 0 0.040404 0.010101 0 8647.48 -76.9269 0 285.485 
78400 188261 378.47 500.762 0 0 138 116.52 0 0.06 0.02 0 8658.89 -77.4853 0 279.817 
78500 173569 400.77 475.111 0 0 131.07 112.25 0 0.06 0.03 0 8669.91 -75.6054 0 276.695 
78600 182198 373.57 501.024 0 0 131.5 111.54 0 0.05 0.01 0 8679.4 -73.6588 0 281.613 
78700 177266 369.39 493.629 0 0 127.47 113.23 0 0.02 0.01 0 8692.15 -75.8029 0 283.667 
78800 200378 368.82 558.094 0 0 130.81 113.93 0 0.04 0.04 0 8702.49 -76.8995 0 282.278 
78900 169342 346.91 494.728 0 0 125.33 111.94 0 0.09 0.04 0 8710.13 -74.0819 0 284.487 
79000 197115 354.33 565.019 0 0 128.17 113.33 0 0.1 0.04 0 8721.64 -76.6303 0 289.962 
79100 197857 369.394 559.194 0 0 124.838 112.242 0 0.0909091 0.0505051 0 8735.1 -79.1959 0 299.88 
79200 185620 358.687 529.478 0 0 131.343 115.081 0 0.040404 0.030303 0 8745.88 -79.3448 0 307.663 
79300 189396 349.05 547.431 0 0 127.03 114.7 0 0.05 0 0 8756.12 -78.7052 0 314.288 
79400 204465 373.848 556.202 0 0 134.434 115.162 0 0.030303 0.020202 0 8763.57 -78.6352 0 315.549 
79500 190569 382.47 512.132 0 0 129.7 114.29 0 0.05 0.03 0 8772.89 -78.5268 0 317.81 
79600 195542 407.89 518.813 0 0 130.65 114.67 0 0.05 0.02 0 8785.82 -79.5076 0 313.04 
79700 194354 371.73 540.267 0 0 129.36 116.19 0 0.1 0.01 0 8799.88 -80.6431 0 317.565 
79800 187406 374.57 513.073 0 0 131.01 118.12 0 0.04 0.01 0 8808.07 -79.1629 0 315.942 
79900 198528 370.08 558.681 0 0 130.46 118.49 0 0.04 0.01 0 8819.51 -75.6019 0 319.338 
80000 191082 361.1 530.745 0 0 133.12 118.62 0 0.03 0.01 0 8830.34 -73.4653 0 322.102 
80100 184449 376.33 494.554 0 0 140.99 118.18 0 0.02 0 0 8838.03 -77.0299 0 322.347 
80200 190418 362.35 522.842 0 0 135.48 115.33 0 0.05 0 0 8847.93 -73.1241 0 321.361 
80300 188242 369.53 514.049 0 0 133.82 118.72 0 0.03 0.01 0 8860.08 -73.0781 0 324.393 
80400 208905 393.75 539.797 0 0 135.59 119.87 0 0.02 0.02 0 8874.73 -73.9775 0 316.936 
80500 166040 378.93 429.813 0 0 130.43 118.15 0 0.04 0.01 0 8886.28 -75.9105 0 314.04 
80600 183114 388.43 471.006 0 0 132.28 122.48 0 0.06 0 0 8898.9 -81.9959 0 303.458 
80700 163895 391.79 420.747 0 0 135.62 121.69 0 0.06 0.01 0 8911.53 -84.926 0 291.291 
80800 147843 392.04 381.205 0 0 137.22 121.48 0 0.02 0.01 0 8926.24 -89.6188 0 277.634 
80900 215058 395.32 553.611 0 0 138.25 127.1 0 0.03 0 0 8940.49 -87.967 0 272.338 
81000 165336 410.3 414.196 0 0 135.29 121.48 0 0.08 0.01 0 8949.58 -84.5345 0 264.935 
81100 187755 412.31 467.62 0 0 130.6 119.55 0 0.08 0 0 8957.08 -81.1922 0 268.014 
81200 182071 378.61 491.305 0 0 129.62 119.54 0 0.04 0.01 0 8972.77 -85.4978 0 272.205 
81300 198915 395.39 529.322 0 0 126.07 116.8 0 0.06 0.01 0 8980.84 -82.8345 0 280.802 
81400 188798 371.93 507.898 0 0 128.62 117.02 0 0.05 0 0 8996.98 -83.2782 0 289.08 
81500 169215 381.33 450.248 0 0 134.52 118.84 0 0.06 0.01 0 9011.65 -89.2284 0 298.037 
81600 188670 391.24 481.771 0 0 139.62 124.93 0 0.04 0 0 9023.02 -87.31 0 296.169 
81700 199653 393.52 499.564 0 0 144.89 124.94 0 0.07 0.03 0 9032.93 -90.9786 0 294.816 
81800 204917 418.57 491.841 0 0 147.54 129.41 0 0 0 0 9042.47 -94.7808 0 291.25 
81900 210350 397.79 532.329 0 0 141.99 121.05 0 0.03 0 0 9052.3 -94.7538 0 292.091 
82000 203876 401.95 512.193 0 0 141.28 125.68 0 0.01 0 0 9061.93 -95.411 0 292.869 
82100 183414 400.02 469.489 0 0 141.65 128.71 0 0.09 0.01 0 9072.15 -96.6543 0 303.047 
82200 174706 416.21 428.587 0 0 142.09 128.62 0 0.05 0.01 0 9081.93 -93.858 0 301.78 
82300 213191 412.76 524.296 0 0 147.44 129.32 0 0.04 0 0 9093.31 -92.4201 0 298.617 
82400 193375 432.404 454.544 0 0 148.364 132.657 0 0 0 0 9102.71 -90.2824 0 291.8 
82500 175365 448.101 386.684 0 0 143.859 127.525 0 0.020202 0 0 9112.86 -89.9183 0 271.707 
82600 191845 452.27 443.04 0 0 142.12 124.27 0 0.02 0 0 9123.37 -89.1057 0 256.465 
82700 204325 443.48 476.922 0 0 146.08 128.92 0 0.06 0.03 0 9133.55 -94.5958 0 253.965 
82800 172933 419.327 418.436 0 0 143.827 124.694 0 0 0 0 9143.89 -98.2162 0 258.565 
82900 174482 413.434 427.42 0 0 148.869 128.091 0 0.020202 0.020202 0 9154.51 -99.2155 0 252.077 
83000 200030 408.66 490.654 0 0 144.52 129.46 0 0.02 0 0 9165.62 -100.581 0 261.21 
83100 186310 417.8 451.992 0 0 145.01 128.77 0 0.13 0 0 9174.91 -99.9623 0 272.223 
83200 190229 436.41 470.927 0 0 142.29 128.4 0 0.04 0 0 9186.78 -97.4198 0 274.797 
83300 212763 413.89 520.504 0 0 142.01 130.94 0 0.01 0 0 9198.71 -98.3308 0 274.737 
83400 187971 438.22 449.176 0 0 147.03 133.8 0 0.03 0 0 9209.46 -100.409 0 282.962 
83500 204115 435.07 487.137 0 0 148.97 132.65 0 0.03 0 0 9221.07 -96.4248 0 283.084 
83600 194445 401.95 491.888 0 0 139.05 126.12 0 0.03 0.01 0 9233.42 -100.822 0 280.762 
83700 172155 389.18 438.181 0 0 139.79 122.47 0 0.07 0.02 0 9243.76 -101.712 0 288.475 
83800 214763 415.46 520.157 0 0 149.53 130.42 0 0.04 0.01 0 9253 -100.863 0 293.446 
83900 187034 400.9 468.932 0 0 143.8 126.83 0 0.06 0.03 0 9263.23 -100.779 0 295.843 
84000 167503 410.06 413.433 0 0 147.08 125.88 0 0.04 0.03 0 9272.87 -102.079 0 292.621 
84100 180607 395.36 454.742 0 0 143.94 124.74 0 0.07 0.01 0 9283.29 -103.513 0 290.443 
84200 193626 396.919 494.342 0 0 139.556 124.03 0 0.0505051 0.020202 0 9294.46 -100.584 0 281.801 
84300 146611 399.96 376.442 0 0 137.6 122.7 0 0.05 0.01 0 9306.34 -103.733 0 273.581 
84400 203004 422.73 495.708 0 0 145.87 127.34 0 0.03 0 0 9318.86 -106.388 0 273.153 
84500 163593 394.515 420.663 0 0 136.152 120.343 0 0.0909091 0.020202 0 9329 -102.875 0 271.87 
84600 179077 408.29 449.104 0 0 138.57 122.62 0 0.03 0 0 9340.3 -102.713 0 270.095 
84700 168901 395 447.619 0 0 138.72 123.37 0 0.11 0.03 0 9352.64 -103.808 0 270.094 
84800 177300 383.53 465.835 0 0 138.74 121.56 0 0.07 0.02 0 9363.19 -106.356 0 274.107 
84900 207333 391.4 533.615 0 0 141.6 122.8 0 0 0 0 9373.38 -106.223 0 277.565 
85000 188520 396.337 476.625 0 0 144.653 125.398 0 0.0612245 0.0306122 0 9382.95 -106.088 0 287.358 
85100 191957 402.919 488.839 0 0 142.949 122.717 0 0.010101 0 0 9391.67 -106.425 0 294.579 
85200 174437 423.58 425.144 0 0 149.96 125.86 0 0.05 0 0 9403.04 -105.117 0 296.523 
85300 214415 428.293 514.926 0 0 150.899 128.222 0 0.030303 0 0 9416.26 -102.291 0 297.877 
85400 185520 408.66 468.017 0 0 136.67 123.88 0 0.03 0 0 9428.98 -101.794 0 297.568 
85500 187480 414.26 470.382 0 0 139.4 124.17 0 0.01 0 0 9438.6 -102.965 0 294.103 
85600 197708 397.74 516.934 0 0 135.76 122.55 0 0.03 0 0 9451.3 -104.28 0 291.08 
85700 180020 386.46 482.374 0 0 136.13 120.7 0 0.05 0 0 9462.99 -103.261 0 301.055 
85800 182627 378.323 486.035 0 0 137.929 121.556 0 0.0808081 0.020202 0 9473.49 -102.987 0 298.62 
85900 177495 441.3 453.723 0 0 146.98 119.88 0 0.05 0 0 9482.06 -105.33 0 292.004 
86000 191174 389.343 498.62 0 0 143.455 117.939 0 0.010101 0.010101 0 9494.26 -104.534 0 295.421 
86100 209472 372.47 565.04 0 0 138.75 118.15 0 0.03 0.01 0 9505.21 -108.106 0 301.115 
86200 172881 378.43 454.577 0 0 137.91 119.97 0 0.05 0.01 0 9516.36 -111.259 0 295.759 
86300 183940 382.67 489.983 0 0 133.87 117.25 0 0.08 0.03 0 9527.69 -115.12 0 300.958 
86400 176095 373.465 471.814 0 0 137.758 117.394 0 0.030303 0.010101 0 9538.05 -115.127 0 301.085 
86500 186100 384.92 492.584 0 0 139.61 121.33 0 0.01 0.01 0 9549.29 -115.786 0 301.145 
86600 199939 388.32 515.599 0 0 140.77 119.29 0 0.07 0.01 0 9559.1 -114.836 0 305.383 
86700 186087 380.53 498.146 0 0 136.88 118.49 0 0.05 0.01 0 9570.24 -111.987 0 305.38 
86800 181416 363.46 497.142 0 0 133.13 118.47 0 0.03 0.01 0 9582.63 -113.298 0 295.47 
86900 171576 368.727 480.414 0 0 131.061 114.828 0 0.020202 0.020202 0 9593.83 -113.098 0 291.59 
87000 151687 378.99 421.606 0 0 131.69 114.9 0 0.03 0.01 0 9605.69 -115.11 0 286.301 
87100 142781 359.42 396.623 0 0 133.76 114.68 0 0.06 0.03 0 9618.76 -114.75 0 262.449 
87200 179695 363.606 493.314 0 0 136.758 115.162 0 0.020202 0.020202 0 9631.79 -113.017 0 256.109 
87300 191688 368.9 518.312 0 0 139.72 115.09 0 0.01 0 0 9641.78 -114.647 0 260.025 
87400 173983 375.69 463.271 0 0 140.68 115.02 0 0.03 0.01 0 9652.66 -116.626 0 266.14 
87500 161790 378.46 429.411 0 0 143.2 113.85 0 0.02 0 0 9661.53 -117.808 0 268.47 
87600 165307 369.66 444.217 0 0 140.62 111.86 0 0.02 0 0 9670.94 -120.59 0 281.968 
87700 196055 372.4 525.749 0 0 140.18 116.08 0 0.04 0.01 0 9687.02 -117.509 0 284.437 
87800 183173 372.69 492.97 0 0 136.72 112.95 0 0.05 0 0 9698.7 -117.923 0 284.64 
87900 178040 373.556 481.446 0 0 135.97 115.616 0 0.0505051 0.010101 0 9710.27 -119.228 0 289.22 
88000 160932 365.28 439.221 0 0 133.25 112.94 0 0.04 0 0 9723.28 -126.552 0 287.247 
88100 171884 374.83 457.549 0 0 135.45 115.48 0 0.06 0.03 0 9738.58 -125.551 0 285.591 
88200 171728 372.78 465.191 0 0 136.9 117.05 0 0.07 0.01 0 9751.06 -125.533 0 289.791 
88300 182878 369.49 492.606 0 0 132.93 115.45 0 0.07 0.02 0 9763.27 -128.517 0 289.361 
88400 172825 378.52 459.179 0 0 138.56 118.54 0 0.04 0.01 0 9774.64 -129.411 0 286.725 
88500 176432 377.31 468.387 0 0 137.72 117.94 0 0.05 0.01 0 9786 -124.586 0 288.322 
88600 176954 385.87 464.079 0 0 134.6 118.36 0 0.07 0.04 0 9797.61 -126.131 0 293.787 
88700 166502 383.53 440.356 0 0 134.75 117.2 0 0.04 0.01 0 9808.33 -120.329 0 290.441 
88800 157436 378.13 421.081 0 0 134.7 117.93 0 0.06 0.01 0 9820.48 -111.85 0 290.143 
88900 158851 377.93 424.675 0 0 132.4 113.14 0 0 0 0 9831.87 -115.172 0 288.301 
89000 195277 373.23 526.16 0 0 135.79 116.93 0 0.07 0.04 0 9844.33 -122.287 0 285.925 
89100 174565 366.56 476.335 0 0 133.66 115.46 0 0.1 0.03 0 9855.86 -110.186 0 285.853 
89200 149182 374.04 409.06 0 0 134.95 116.68 0 0.06 0.02 0 9867.09 -106.749 0 285.683 
89300 160977 364.27 442.243 0 0 134.12 116.14 0 0.01 0 0 9879.39 -107.996 0 284.734 
89400 171001 405.79 455.464 0 0 131.93 114.4 0 0.06 0.02 0 9891.43 -101.169 0 286.939 
89500 165679 367.81 453.498 0 0 135.48 116.11 0 0.07 0.05 0 9904.59 -99.2013 0 289.947 
89600 176492 370.33 488.104 0 0 136.73 115.47 0 0.09 0.02 0 9917.21 -88.4514 0 285.981 
89700 189744 374.89 512.296 0 0 136.63 114.08 0 0.04 0.01 0 9928.69 -86.7409 0 290.417 
89800 179394 358.79 496.197 0 0 134.24 114.72 0 0.12 0.01 0 9940.12 -89.7019 0 296.583 
89900 172366 378.41 464.349 0 0 134.48 116.52 0 0.04 0.01 0 9951.67 -90.089 0 294.108 
90000 163264 385.23 419.551 0 0 140.8 119.26 0 0.12 0.04 0 9963.56 -90.7677 0 292.883 
90100 188785 379.5 497.686 0 0 140.28 120.79 0 0.06 0.01 0 9974.38 -89.2912 0 295.097 
90200 178916 394.57 449.944 0 0 143.6 121.72 0 0.03 0 0 9984.65 -89.8389 0 293.247 
90300 159180 427.95 382.537 0 0 146.59 120.62 0 0.07 0.03 0 9995.86 -93.8944 0 281.918 
90400 196912 402.45 496.576 0 0 146.84 120.46 0 0.06 0.02 0 10007.5 -95.0929 0 271.446 
90500 175029 417.2 432.24 0 0 145.32 122.58 0 0.09 0.03 0 10019 -92.2716 0 271.705 
90600 199603 416.22 492.536 0 0 141.16 121.02 0 0.07 0.01 0 10029.9 -92.6787 0 269.196 
90700 149112 442.57 352.009 0 0 142.43 122.48 0 0.06 0.02 0 10040.5 -89.7251 0 262.72 
90800 190540 412.364 465.384 0 0 143.798 120.465 0 0.0606061 0.040404 0 10053.2 -86.9844 0 263.73 
90900 176045 442.3 414.161 0 0 152.78 126.17 0 0.02 0 0 10063.5 -84.9123 0 272.659 
91000 173712 405.444 434.017 0 0 149.212 127.253 0 0.010101 0 0 10073.9 -86.448 0 269.905 
91100 201524 414.42 479.515 0 0 151.31 129.95 0 0.05 0.02 0 10087.8 -90.0375 0 272.297 
91200 190068 414.75 470.131 0 0 152.16 128.08 0 0.09 0.01 0 10096.8 -88.2557 0 279.579 
91300 172266 407.31 430.778 0 0 146.89 128.8 0 0.04 0.01 0 10107.7 -85.9889 0 280.109 
91400 157250 432.51 375.243 0 0 152.78 133.72 0 0.09 0.01 0 10118.2 -83.8631 0 274.502 
91500 199300 412.15 480.146 0 0 152.44 131.01 0 0.05 0.02 0 10131.1 -84.501 0 278.827 
91600 194784 427.93 456.339 0 0 153.56 132.3 0 0.02 0 0 10141 -83.2793 0 277.222 
91700 169935 411.13 424.835 0 0 148.96 127.09 0 0.08 0.01 0 10153.8 -85.4152 0 274.166 
91800 181405 427.59 432.059 0 0 153.78 130.81 0 0.09 0.04 0 10163.8 -86.2565 0 278.219 
91900 200340 419.25 481.426 0 0 153.73 132.06 0 0.05 0.01 0 10173.2 -89.2188 0 291.541 
92000 188317 464.23 452.664 0 0 150.64 132.08 0 0.06 0.02 0 10185.5 -85.3949 0 292.961 
92100 214764 396.33 558.483 0 0 139.1 127.17 0 0.03 0.03 0 10197.4 -82.6823 0 295.056 
92200 216452 432.92 504.571 0 0 148.67 132.97 0 0.03 0.01 0 10205.4 -85.5412 0 295.139 
92300 186894 406.83 454.789 0 0 146.39 129.65 0 0.03 0.01 0 10214.8 -86.7977 0 293.004 
92400 196051 410.27 491.513 0 0 143.09 127.9 0 0.06 0.01 0 10227.1 -87.8977 0 286.068 
92500 222642 437.56 527.883 0 0 141.15 129.2 0 0.02 0 0 10239.6 -84.3303 0 289.543 
92600 202260 391.96 513.506 0 0 140.52 126.75 0 0.06 0.01 0 10252.9 -75.7414 0 299.908 
92700 190861 393.22 491.105 0 0 144.54 126.89 0 0.09 0.03 0 10263.3 -72.8385 0 312.268 
92800 211982 389 547.171 0 0 140.31 127.09 0 0.03 0.02 0 10274.1 -71.7876 0 324.321 
92900 176106 418.96 430.982 0 0 140.07 127.69 0 0.01 0 0 10284.4 -67.122 0 328.263 
93000 160579 398.82 407.583 0 0 140.19 126.04 0 0.05 0.02 0 10295.5 -69.1514 0 319.254 
93100 194842 423.04 482.977 0 0 145.17 126.03 0 0.06 0.01 0 10306.7 -71.4883 0 296.196 
93200 198050 398.48 504.644 0 0 141.05 127.77 0 0.05 0.01 0 10319.5 -70.2342 0 287.136 
93300 197286 424.69 477.238 0 0 144.55 129.34 0 0.07 0.04 0 10329.7 -69.7773 0 280.72 
93400 206227 408.36 514.752 0 0 140.82 127.18 0 0.03 0.01 0 10341.1 -70.0619 0 284.695 
93500 181621 411.43 447.957 0 0 149.63 129.11 0 0.06 0.01 0 10350.2 -69.8361 0 288.757 
93600 179840 409.02 445.632 0 0 151.141 131.636 0 0.0606061 0 0 10360.6 -69.4397 0 292.726 
93700 192029 434.63 460.893 0 0 151.92 128.32 0 0.02 0 0 10372.7 -68.2168 0 287.621 
93800 201572 403.67 500.018 0 0 148.6 126.16 0 0.07 0.02 0 10384.9 -69.6285 0 279.222 
93900 164614 417.92 395.504 0 0 151.3 127.54 0 0.03 0.01 0 10394.7 -67.6653 0 267.803 
94000 169964 414.1 402.682 0 0 152.65 124.23 0 0.04 0.02 0 10404.8 -68.7256 0 256.174 
94100 155490 424.56 368.487 0 0 154.21 126.47 0 0.07 0.03 0 10416.1 -69.9795 0 256.594 
94200 168151 428.7 389.798 0 0 161.51 127.5 0 0.05 0.02 0 10424.9 -74.9816 0 247.269 
94300 179343 415.7 429.191 0 0 151.79 123.99 0 0.01 0 0 10437 -71.1591 0 246.942 
94400 205857 391.92 524.131 0 0 145.28 126.42 0 0.03 0.01 0 10448.5 -72.4365 0 249.559 
94500 160142 438.74 398.037 0 0 150.28 128.52 0 0.09 0.02 0 10459.6 -72.7068 0 260.359 
94600 189245 429.61 475.296 0 0 145.21 124.21 0 0.06 0.03 0 10468.2 -76.0171 0 263.117 
94700 175922 396.19 442.596 0 0 141.27 125.15 0 0.01 0 0 10480.4 -75.5255 0 270.206 
94800 207941 417.46 508.915 0 0 145.19 126.51 0 0.1 0.03 0 10490.9 -73.7152 0 272.749 
94900 164015 393.313 415.762 0 0 144.283 123.313 0 0.020202 0 0 10501.7 -75.069 0 270.299 
95000 186840 394.55 479.245 0 0 142.56 125.71 0 0.02 0.01 0 10512 -81.0707 0 270.18 
95100 160618 421.838 408.404 0 0 139.222 126.465 0 0.020202 0 0 10524 -80.3727 0 264.601 
95200 147984 380.11 398.679 0 0 137.63 123.66 0 0.02 0 0 10536.5 -79.1088 0 263.165 
95300 142483 388.949 377.079 0 0 138.173 124.48 0 0.0204082 0 0 10547.9 -81.8389 0 259.587 
95400 173326 388.47 455.184 0 0 140.44 125.46 0 0.04 0.02 0 10561.3 -80.0273 0 262.142 
95500 175632 394.64 452.309 0 0 144.44 126.66 0 0.09 0.03 0 10572.6 -83.0755 0 263.483 
95600 176790 401.05 432.93 0 0 148.39 125.35 0 0.03 0.01 0 10581.5 -80.4196 0 272.205 
95700 181459 400.72 453.576 0 0 145.93 125.11 0 0.04 0.02 0 10592.5 -80.1044 0 275.25 
95800 191191 396.78 479.186 0 0 146.57 128.58 0 0.01 0.01 0 10603.2 -84.5811 0 282.967 
95900 214604 415.172 520.843 0 0 154.97 132.566 0 0.030303 0 0 10613.4 -85.5688 0 283.915 
96000 183642 421.99 451.457 0 0 151.808 132.051 0 0.0808081 0.010101 0 10623.3 -85.3127 0 283.277 
96100 193088 393.21 497.675 0 0 144.53 127.63 0 0.02 0.01 0 10635.2 -79.8526 0 279.357 
96200 187264 423.31 463.64 0 0 151.42 131.51 0 0.05 0.02 0 10647 -82.485 0 286.328 
96300 192555 411.81 486.302 0 0 141.26 122.77 0 0.05 0.01 0 10656.8 -82.1785 0 279.306 
96400 207272 405.36 537.147 0 0 139.88 126.96 0 0.06 0 0 10667.5 -82.8927 0 285.65 
96500 194425 385.56 513.743 0 0 138.46 127.01 0 0.09 0.04 0 10679.8 -84.8493 0 291.051 
96600 178172 400.98 452.063 0 0 138.91 124.28 0 0.04 0.02 0 10688.9 -83.6699 0 298.551 
96700 201420 399.81 513.931 0 0 139.35 125 0 0.04 0 0 10698.6 -83.8536 0 298.217 
96800 184889 384.66 476.306 0 0 134.57 121.14 0 0.03 0.01 0 10713.5 -88.1088 0 305.835 
96900 199357 369.96 539.761 0 0 134.57 122.72 0 0.04 0.03 0 10724.9 -87.0039 0 302.709 
97000 186115 388.42 484.184 0 0 137.27 126.63 0 0.04 0.03 0 10736 -87.6969 0 300.577 
97100 209321 412.86 536.468 0 0 142.67 125.91 0 0.08 0.02 0 10746.8 -85.6553 0 301.091 
97200 203532 374.4 550.337 0 0 133.13 124.39 0 0.05 0.03 0 10759.3 -84.82 0 304.303 
97300 208848 403.59 550.226 0 0 133.33 124.53 0 0.06 0.02 0 10769.6 -79.9926 0 308.799 
97400 207096 399.29 536.677 0 0 135.32 126.09 0 0.04 0.01 0 10781.7 -79.0503 0 310.138 
97500 190195 415.66 480.876 0 0 139.1 127.21 0 0.05 0 0 10792 -79.2858 0 303.127 
97600 204080 381.87 537.125 0 0 139.31 128.38 0 0.03 0 0 10804.1 -83.2641 0 300.275 
97700 220338 416.95 567.25 0 0 138.45 125.31 0 0.04 0.01 0 10813.4 -88.2425 0 301.035 
97800 208675 393.48 539.041 0 0 140.88 128.82 0 0.06 0.03 0 10822.6 -85.9269 0 300.572 
97900 166594 440.67 406.775 0 0 146.33 128.94 0 0.1 0.03 0 10833.2 -82.1571 0 287.94 
98000 204583 449.04 480.6 0 0 144.45 130.85 0 0.05 0 0 10843 -78.6941 0 288.024 
98100 191259 424.99 462.203 0 0 143.86 127.91 0 0.02 0.01 0 10852.1 -74.8982 0 290.156 
98200 179082 411.455 459.102 0 0 138.273 127.182 0 0.010101 0.010101 0 10863.9 -74.4878 0 281.304 
98300 221099 405.91 549.113 0 0 142.31 131.46 0 0.04 0.02 0 10874.1 -71.7306 0 281.948 
98400 206147 415.42 498.211 0 0 147.72 134.48 0 0.04 0.01 0 10883.3 -67.2304 0 295.527 
98500 191250 419.03 480.491 0 0 143.86 130.46 0 0.01 0 0 10893.4 -67.4653 0 300.048 
98600 210741 397.86 545.355 0 0 138.61 128.23 0 0.02 0 0 10905.3 -72.7028 0 301.022 
98700 208070 427.29 509.223 0 0 140.68 131.35 0 0.06 0.04 0 10915.1 -69.2343 0 309.084 
98800 204857 427.58 510.055 0 0 138.26 127.79 0 0.03 0 0 10924.2 -67.8455 0 311.466 
98900 202623 457.15 466.716 0 0 142.51 129.53 0 0.06 0.01 0 10932.6 -64.7883 0 301.792 
99000 178969 488.42 383.109 0 0 148.31 129.46 0 0.04 0.01 0 10939.7 -62.3975 0 296.418 
99100 207364 500.45 452.867 0 0 149.04 133.01 0 0.06 0.03 0 10949.3 -64.4968 0 283.298 
99200 200727 454.57 459.741 0 0 149.73 130.84 0 0.08 0.02 0 10959.3 -61.4346 0 271.941 
99300 195194 426.747 489.563 0 0 145.939 131.465 0 0.0707071 0.010101 0 10971.1 -60.9545 0 259.709 
99400 219506 431.8 527.286 0 0 149.81 135.98 0 0.05 0.02 0 10981.6 -61.4893 0 273.862 
99500 221502 417.49 535.645 0 0 146.71 133.44 0 0.09 0.03 0 10988.6 -62.865 0 286.761 
99600 186462 393.05 488.712 0 0 140.33 129 0 0.02 0.02 0 10999.3 -65.8794 0 301.456 
99700 188580 387.95 491.303 0 0 138.27 128.56 0 0.05 0.01 0 11012.1 -71.1802 0 309.95 
99800 199559 382.56 513.206 0 0 140.53 128.74 0 0.07 0.02 0 11023.2 -69.4247 0 321.449 
99900 202789 395.93 522.783 0 0 138.74 128.95 0 0.07 0 0 11032.8 -67.6008 0 321.406 
100000 190753 401.54 493.489 0 0 137.68 129.82 0 0.03 0 0 11044.5 -70.8597 0 307.729 
