# Avida count data
# Thu Jan 31 20:05:34 2019
#  1: update
#  2: number of insts executed this update
#  3: number of organisms
#  4: (deprecated) number of different genotypes
#  5: (deprecated) number of different threshold genotypes
#  6: (deprecated) number of different species
#  7: (deprecated) number of different threshold species
#  8: (deprecated) number of different lineages
#  9: number of births in this update
# 10: number of deaths in this update
# 11: number of breed true
# 12: number of breed true organisms?
# 13: number of no-birth organisms
# 14: number of single-threaded organisms
# 15: number of multi-threaded organisms
# 16: number of modified organisms

0 30 1 0 0 0 0 0 1 0 1 1 1 1 0 0 
100 1740 58 0 0 0 0 0 0 0 0 24 31 58 0 0 
200 3000 100 0 0 0 0 0 4 4 2 44 51 100 0 0 
300 3000 100 0 0 0 0 0 2 2 0 35 61 100 0 0 
400 3000 99 0 0 0 0 0 5 6 1 40 57 99 0 0 
500 3000 100 0 0 0 0 0 7 7 2 30 60 100 0 0 
600 3000 100 0 0 0 0 0 3 3 1 30 56 100 0 0 
700 3000 100 0 0 0 0 0 3 3 1 32 62 100 0 0 
800 3000 100 0 0 0 0 0 6 6 2 30 58 100 0 0 
900 3000 100 0 0 0 0 0 2 2 1 40 53 100 0 0 
1000 3000 100 0 0 0 0 0 4 4 2 39 52 100 0 0 
1100 3000 100 0 0 0 0 0 3 3 0 26 51 100 0 0 
1200 3000 100 0 0 0 0 0 3 3 1 35 62 100 0 0 
1300 3000 100 0 0 0 0 0 4 4 2 38 60 100 0 0 
1400 3000 100 0 0 0 0 0 10 10 0 29 63 100 0 0 
1500 3000 100 0 0 0 0 0 2 2 0 52 51 100 0 0 
1600 3000 100 0 0 0 0 0 1 1 1 47 57 100 0 0 
1700 3000 100 0 0 0 0 0 7 7 4 38 54 100 0 0 
1800 3000 100 0 0 0 0 0 6 6 3 40 56 100 0 0 
1900 2970 99 0 0 0 0 0 3 3 0 34 57 99 0 0 
2000 3000 100 0 0 0 0 0 1 1 1 38 54 100 0 0 
2100 3000 100 0 0 0 0 0 7 7 2 46 56 100 0 0 
2200 3000 100 0 0 0 0 0 1 1 0 39 58 100 0 0 
2300 3000 100 0 0 0 0 0 4 4 0 37 64 100 0 0 
2400 3000 100 0 0 0 0 0 5 5 3 47 57 100 0 0 
2500 3000 100 0 0 0 0 0 5 5 1 47 59 100 0 0 
2600 3000 100 0 0 0 0 0 6 6 1 38 61 100 0 0 
2700 3000 100 0 0 0 0 0 3 3 2 39 56 100 0 0 
2800 3000 100 0 0 0 0 0 4 4 1 45 55 100 0 0 
2900 3000 100 0 0 0 0 0 8 8 2 37 54 100 0 0 
3000 3000 100 0 0 0 0 0 4 4 1 37 59 100 0 0 
3100 3000 100 0 0 0 0 0 2 2 0 46 52 100 0 0 
3200 3000 100 0 0 0 0 0 12 12 2 29 57 100 0 0 
3300 3000 100 0 0 0 0 0 8 8 1 36 58 100 0 0 
3400 3000 100 0 0 0 0 0 4 4 2 40 57 100 0 0 
3500 2970 100 0 0 0 0 0 7 6 4 52 53 100 0 0 
3600 3000 100 0 0 0 0 0 5 5 3 46 60 100 0 0 
3700 3000 100 0 0 0 0 0 9 9 4 44 55 100 0 0 
3800 3000 100 0 0 0 0 0 6 6 3 42 57 100 0 0 
3900 3000 100 0 0 0 0 0 6 6 2 33 57 100 0 0 
4000 3000 100 0 0 0 0 0 7 7 1 35 59 100 0 0 
4100 3000 100 0 0 0 0 0 2 2 1 39 57 100 0 0 
4200 3000 100 0 0 0 0 0 12 12 6 36 56 100 0 0 
4300 3000 100 0 0 0 0 0 8 8 6 43 55 100 0 0 
4400 3000 100 0 0 0 0 0 2 2 0 52 59 100 0 0 
4500 3000 100 0 0 0 0 0 6 6 3 54 63 100 0 0 
4600 2970 99 0 0 0 0 0 8 8 3 45 56 99 0 0 
4700 3000 100 0 0 0 0 0 5 5 1 41 60 100 0 0 
4800 3000 100 0 0 0 0 0 13 13 6 42 58 100 0 0 
4900 3000 100 0 0 0 0 0 7 7 3 46 55 100 0 0 
5000 3000 100 0 0 0 0 0 15 15 5 50 54 100 0 0 
5100 3000 100 0 0 0 0 0 1 1 1 43 62 100 0 0 
5200 3000 100 0 0 0 0 0 3 3 0 37 56 100 0 0 
5300 3000 100 0 0 0 0 0 4 4 2 40 60 100 0 0 
5400 3000 100 0 0 0 0 0 6 6 2 45 55 100 0 0 
5500 3000 100 0 0 0 0 0 5 5 0 41 56 100 0 0 
5600 3000 100 0 0 0 0 0 3 3 2 46 61 100 0 0 
5700 3000 100 0 0 0 0 0 4 4 1 39 52 100 0 0 
5800 3000 100 0 0 0 0 0 6 6 0 37 55 100 0 0 
5900 3000 100 0 0 0 0 0 6 6 4 42 54 100 0 0 
6000 3000 100 0 0 0 0 0 5 5 2 37 54 100 0 0 
6100 3000 100 0 0 0 0 0 4 4 1 45 54 100 0 0 
6200 3000 100 0 0 0 0 0 3 3 1 38 52 100 0 0 
6300 3000 100 0 0 0 0 0 5 5 1 45 56 100 0 0 
6400 3000 100 0 0 0 0 0 6 6 0 37 60 100 0 0 
6500 3000 99 0 0 0 0 0 5 6 2 39 55 99 0 0 
6600 3000 99 0 0 0 0 0 6 7 3 41 61 99 0 0 
6700 3000 100 0 0 0 0 0 3 3 1 44 58 100 0 0 
6800 3000 100 0 0 0 0 0 5 5 2 45 57 100 0 0 
6900 2970 99 0 0 0 0 0 6 6 1 36 56 99 0 0 
7000 3000 100 0 0 0 0 0 1 1 1 52 58 100 0 0 
7100 3000 100 0 0 0 0 0 6 6 3 46 60 100 0 0 
7200 3000 100 0 0 0 0 0 5 5 1 40 54 100 0 0 
7300 3000 100 0 0 0 0 0 14 14 5 49 55 100 0 0 
7400 3000 100 0 0 0 0 0 12 12 4 39 56 100 0 0 
7500 3000 100 0 0 0 0 0 6 6 3 51 64 100 0 0 
7600 3000 100 0 0 0 0 0 7 7 3 55 54 100 0 0 
7700 3000 100 0 0 0 0 0 3 3 2 44 60 100 0 0 
7800 3000 100 0 0 0 0 0 3 3 1 35 51 100 0 0 
7900 3000 100 0 0 0 0 0 7 7 3 43 52 100 0 0 
8000 3000 100 0 0 0 0 0 9 9 6 53 52 100 0 0 
8100 2970 100 0 0 0 0 0 7 6 2 42 57 100 0 0 
8200 3000 99 0 0 0 0 0 7 8 4 49 55 99 0 0 
8300 2970 100 0 0 0 0 0 5 4 3 43 56 100 0 0 
8400 3000 100 0 0 0 0 0 8 8 1 40 57 100 0 0 
8500 3000 100 0 0 0 0 0 10 10 6 47 51 100 0 0 
8600 3000 100 0 0 0 0 0 13 13 3 40 59 100 0 0 
8700 3000 100 0 0 0 0 0 4 4 2 34 59 100 0 0 
8800 3000 100 0 0 0 0 0 5 5 3 49 58 100 0 0 
8900 3000 100 0 0 0 0 0 6 6 1 45 55 100 0 0 
9000 3000 100 0 0 0 0 0 8 8 5 39 52 100 0 0 
9100 3000 100 0 0 0 0 0 7 7 2 46 56 100 0 0 
9200 3000 100 0 0 0 0 0 6 6 3 37 57 100 0 0 
9300 2970 100 0 0 0 0 0 8 7 3 43 54 100 0 0 
9400 3000 100 0 0 0 0 0 6 6 0 37 59 100 0 0 
9500 3000 100 0 0 0 0 0 6 6 3 46 54 100 0 0 
9600 3000 100 0 0 0 0 0 4 4 1 40 57 100 0 0 
9700 3000 100 0 0 0 0 0 5 5 2 43 52 100 0 0 
9800 3000 100 0 0 0 0 0 8 8 4 40 57 100 0 0 
9900 3000 100 0 0 0 0 0 2 2 0 47 53 100 0 0 
10000 3000 100 0 0 0 0 0 6 6 3 46 52 100 0 0 
10100 3000 100 0 0 0 0 0 5 5 1 33 60 100 0 0 
10200 3000 100 0 0 0 0 0 4 4 3 45 62 100 0 0 
10300 3000 100 0 0 0 0 0 10 10 4 48 53 100 0 0 
10400 3000 100 0 0 0 0 0 8 8 5 50 58 100 0 0 
10500 3000 100 0 0 0 0 0 3 3 1 40 55 100 0 0 
10600 3000 100 0 0 0 0 0 4 4 1 39 61 100 0 0 
10700 3000 98 0 0 0 0 0 5 7 3 47 54 98 0 0 
10800 3000 100 0 0 0 0 0 8 8 6 47 64 100 0 0 
10900 3000 100 0 0 0 0 0 14 14 5 46 57 100 0 0 
11000 3000 100 0 0 0 0 0 7 7 3 46 60 100 0 0 
11100 2970 99 0 0 0 0 0 6 6 2 42 56 99 0 0 
11200 3000 100 0 0 0 0 0 4 4 2 42 57 100 0 0 
11300 3000 100 0 0 0 0 0 14 14 5 45 57 100 0 0 
11400 3000 100 0 0 0 0 0 10 10 8 46 56 100 0 0 
11500 2970 99 0 0 0 0 0 5 5 2 42 64 99 0 0 
11600 3000 100 0 0 0 0 0 12 12 5 49 59 100 0 0 
11700 3000 100 0 0 0 0 0 4 4 1 40 62 100 0 0 
11800 2970 99 0 0 0 0 0 2 2 1 40 59 99 0 0 
11900 3000 100 0 0 0 0 0 8 8 2 41 53 100 0 0 
12000 3000 100 0 0 0 0 0 4 4 2 39 51 100 0 0 
12100 3000 100 0 0 0 0 0 7 7 4 41 58 100 0 0 
12200 3000 100 0 0 0 0 0 8 8 2 51 55 100 0 0 
12300 3000 100 0 0 0 0 0 7 7 3 58 54 100 0 0 
12400 2970 99 0 0 0 0 0 5 5 1 42 56 99 0 0 
12500 3000 100 0 0 0 0 0 4 4 2 49 61 100 0 0 
12600 3000 100 0 0 0 0 0 2 2 2 48 57 100 0 0 
12700 3000 100 0 0 0 0 0 7 7 4 44 55 100 0 0 
12800 3000 100 0 0 0 0 0 0 0 0 41 58 100 0 0 
12900 3000 100 0 0 0 0 0 4 4 2 47 52 100 0 0 
13000 3000 100 0 0 0 0 0 9 9 4 41 55 100 0 0 
13100 3000 100 0 0 0 0 0 9 9 2 33 60 100 0 0 
13200 3000 100 0 0 0 0 0 4 4 1 37 59 100 0 0 
13300 3000 100 0 0 0 0 0 10 10 4 36 55 100 0 0 
13400 3000 100 0 0 0 0 0 8 8 1 46 50 100 0 0 
13500 2970 98 0 0 0 0 0 11 12 7 40 56 98 0 0 
13600 3000 100 0 0 0 0 0 5 5 0 39 57 100 0 0 
13700 3000 100 0 0 0 0 0 5 5 2 43 55 100 0 0 
13800 3000 100 0 0 0 0 0 2 2 0 40 53 100 0 0 
13900 3000 100 0 0 0 0 0 1 1 0 37 60 100 0 0 
14000 3000 100 0 0 0 0 0 6 6 4 43 56 100 0 0 
14100 2970 99 0 0 0 0 0 7 7 5 43 54 99 0 0 
14200 3000 100 0 0 0 0 0 7 7 4 42 53 100 0 0 
14300 3000 100 0 0 0 0 0 1 1 0 44 60 100 0 0 
14400 3000 100 0 0 0 0 0 7 7 4 41 52 100 0 0 
14500 3000 100 0 0 0 0 0 6 6 3 48 59 100 0 0 
14600 3000 100 0 0 0 0 0 9 9 5 38 53 100 0 0 
14700 3000 100 0 0 0 0 0 8 8 3 47 56 100 0 0 
14800 2940 99 0 0 0 0 0 8 7 5 46 62 99 0 0 
14900 3000 100 0 0 0 0 0 7 7 1 37 52 100 0 0 
15000 2970 99 0 0 0 0 0 2 2 0 39 57 99 0 0 
15100 3000 100 0 0 0 0 0 3 3 1 44 56 100 0 0 
15200 3000 99 0 0 0 0 0 7 8 3 43 52 99 0 0 
15300 3000 100 0 0 0 0 0 2 2 1 42 57 100 0 0 
15400 3000 100 0 0 0 0 0 11 11 6 48 53 100 0 0 
15500 3000 100 0 0 0 0 0 7 7 4 42 53 100 0 0 
15600 3000 100 0 0 0 0 0 5 5 2 43 52 100 0 0 
15700 3000 100 0 0 0 0 0 0 0 0 42 56 100 0 0 
15800 3000 100 0 0 0 0 0 9 9 6 32 55 100 0 0 
15900 3000 99 0 0 0 0 0 9 10 7 46 57 99 0 0 
16000 2970 99 0 0 0 0 0 5 5 2 36 55 99 0 0 
16100 3000 100 0 0 0 0 0 10 10 5 51 58 100 0 0 
16200 3000 100 0 0 0 0 0 3 3 0 40 57 100 0 0 
16300 3000 100 0 0 0 0 0 18 18 11 50 55 100 0 0 
16400 3000 100 0 0 0 0 0 4 4 1 36 57 100 0 0 
16500 3000 100 0 0 0 0 0 7 7 2 54 58 100 0 0 
16600 3000 100 0 0 0 0 0 6 6 3 51 58 100 0 0 
16700 3000 100 0 0 0 0 0 5 5 3 49 57 100 0 0 
16800 3000 100 0 0 0 0 0 3 3 2 51 56 100 0 0 
16900 3000 100 0 0 0 0 0 9 9 3 48 57 100 0 0 
17000 3000 100 0 0 0 0 0 5 5 2 47 56 100 0 0 
17100 3000 100 0 0 0 0 0 8 8 3 45 54 100 0 0 
17200 3000 100 0 0 0 0 0 5 5 2 46 56 100 0 0 
17300 3000 100 0 0 0 0 0 7 7 5 52 54 100 0 0 
17400 3000 100 0 0 0 0 0 6 6 2 43 59 100 0 0 
17500 3000 100 0 0 0 0 0 9 9 4 47 58 100 0 0 
17600 3000 100 0 0 0 0 0 6 6 2 46 55 100 0 0 
17700 3000 100 0 0 0 0 0 10 10 4 35 56 100 0 0 
17800 3000 100 0 0 0 0 0 4 4 1 38 50 100 0 0 
17900 3000 100 0 0 0 0 0 7 7 6 48 57 100 0 0 
18000 3000 100 0 0 0 0 0 4 4 2 46 56 100 0 0 
18100 3000 100 0 0 0 0 0 5 5 3 50 54 100 0 0 
18200 3000 100 0 0 0 0 0 1 1 0 36 58 100 0 0 
18300 3000 100 0 0 0 0 0 8 8 4 35 61 100 0 0 
18400 3000 100 0 0 0 0 0 3 3 0 41 60 100 0 0 
18500 3000 100 0 0 0 0 0 4 4 1 30 56 100 0 0 
18600 3000 100 0 0 0 0 0 6 6 2 39 58 100 0 0 
18700 3000 100 0 0 0 0 0 6 6 3 43 57 100 0 0 
18800 3000 100 0 0 0 0 0 5 5 3 46 57 100 0 0 
18900 3000 99 0 0 0 0 0 1 2 0 44 57 99 0 0 
19000 3000 100 0 0 0 0 0 5 5 2 43 52 100 0 0 
19100 2970 99 0 0 0 0 0 9 9 4 42 56 99 0 0 
19200 3000 100 0 0 0 0 0 1 1 1 41 57 100 0 0 
19300 3000 100 0 0 0 0 0 4 4 2 50 54 100 0 0 
19400 3000 100 0 0 0 0 0 4 4 2 49 57 100 0 0 
19500 3000 100 0 0 0 0 0 5 5 2 42 45 100 0 0 
19600 3000 100 0 0 0 0 0 6 6 2 44 55 100 0 0 
19700 3000 100 0 0 0 0 0 19 19 8 51 58 100 0 0 
19800 3000 100 0 0 0 0 0 2 2 2 41 57 100 0 0 
19900 3000 100 0 0 0 0 0 6 6 4 44 58 100 0 0 
20000 3000 100 0 0 0 0 0 5 5 1 43 56 100 0 0 
20100 3000 100 0 0 0 0 0 7 7 3 39 54 100 0 0 
20200 3000 100 0 0 0 0 0 5 5 2 49 57 100 0 0 
20300 3000 100 0 0 0 0 0 2 2 1 45 55 100 0 0 
20400 3000 100 0 0 0 0 0 2 2 0 40 60 100 0 0 
20500 3000 100 0 0 0 0 0 5 5 1 42 58 100 0 0 
20600 3000 100 0 0 0 0 0 7 7 4 44 53 100 0 0 
20700 3000 100 0 0 0 0 0 5 5 3 44 60 100 0 0 
20800 2970 100 0 0 0 0 0 8 7 5 50 59 100 0 0 
20900 2970 98 0 0 0 0 0 2 3 0 50 56 98 0 0 
21000 3000 100 0 0 0 0 0 7 7 3 41 54 100 0 0 
21100 3000 100 0 0 0 0 0 3 3 1 45 62 100 0 0 
21200 3000 100 0 0 0 0 0 9 9 6 39 57 100 0 0 
21300 3000 100 0 0 0 0 0 12 12 3 49 59 100 0 0 
21400 3000 100 0 0 0 0 0 1 1 1 42 57 100 0 0 
21500 3000 99 0 0 0 0 0 2 3 1 41 55 99 0 0 
21600 3000 100 0 0 0 0 0 3 3 2 42 54 100 0 0 
21700 3000 100 0 0 0 0 0 2 2 0 44 57 100 0 0 
21800 3000 100 0 0 0 0 0 5 5 3 43 54 100 0 0 
21900 3000 100 0 0 0 0 0 4 4 3 42 58 100 0 0 
22000 3000 100 0 0 0 0 0 1 1 0 47 56 100 0 0 
22100 3000 100 0 0 0 0 0 3 3 3 42 54 100 0 0 
22200 3000 100 0 0 0 0 0 8 8 3 39 52 100 0 0 
22300 3000 100 0 0 0 0 0 10 10 5 37 54 100 0 0 
22400 3000 100 0 0 0 0 0 4 4 1 45 53 100 0 0 
22500 3000 100 0 0 0 0 0 5 5 1 44 59 100 0 0 
22600 3000 100 0 0 0 0 0 6 6 3 47 56 100 0 0 
22700 3000 100 0 0 0 0 0 3 3 2 43 60 100 0 0 
22800 3000 100 0 0 0 0 0 4 4 3 48 56 100 0 0 
22900 3000 100 0 0 0 0 0 6 6 3 42 58 100 0 0 
23000 3000 100 0 0 0 0 0 7 7 4 42 60 100 0 0 
23100 3000 100 0 0 0 0 0 9 9 6 35 57 100 0 0 
23200 2970 100 0 0 0 0 0 6 5 2 46 55 100 0 0 
23300 3000 100 0 0 0 0 0 7 7 3 50 53 100 0 0 
23400 3000 100 0 0 0 0 0 4 4 1 51 60 100 0 0 
23500 3000 100 0 0 0 0 0 9 9 5 47 55 100 0 0 
23600 3000 100 0 0 0 0 0 6 6 2 48 53 100 0 0 
23700 3000 100 0 0 0 0 0 10 10 7 46 59 100 0 0 
23800 3000 100 0 0 0 0 0 7 7 3 43 54 100 0 0 
23900 3000 100 0 0 0 0 0 3 3 2 51 60 100 0 0 
24000 3000 100 0 0 0 0 0 11 11 3 44 56 100 0 0 
24100 3000 100 0 0 0 0 0 11 11 3 37 55 100 0 0 
24200 3000 100 0 0 0 0 0 9 9 6 49 50 100 0 0 
24300 3000 100 0 0 0 0 0 3 3 2 46 59 100 0 0 
24400 3000 100 0 0 0 0 0 4 4 2 52 60 100 0 0 
24500 2970 100 0 0 0 0 0 8 7 3 49 52 100 0 0 
24600 3000 100 0 0 0 0 0 7 7 2 41 58 100 0 0 
24700 3000 100 0 0 0 0 0 10 10 6 53 53 100 0 0 
24800 3000 100 0 0 0 0 0 8 8 1 39 57 100 0 0 
24900 3000 100 0 0 0 0 0 9 9 4 45 56 100 0 0 
25000 3000 100 0 0 0 0 0 2 2 0 41 55 100 0 0 
25100 3000 100 0 0 0 0 0 10 10 3 52 53 100 0 0 
25200 3000 99 0 0 0 0 0 3 4 0 37 56 99 0 0 
25300 2940 98 0 0 0 0 0 3 3 1 50 57 98 0 0 
25400 2970 99 0 0 0 0 0 3 3 0 42 55 99 0 0 
25500 3000 100 0 0 0 0 0 11 11 5 43 59 100 0 0 
25600 3000 100 0 0 0 0 0 5 5 3 49 58 100 0 0 
25700 2970 99 0 0 0 0 0 4 4 3 49 54 99 0 0 
25800 3000 100 0 0 0 0 0 4 4 1 46 56 100 0 0 
25900 3000 100 0 0 0 0 0 7 7 0 43 52 100 0 0 
26000 3000 100 0 0 0 0 0 2 2 2 49 52 100 0 0 
26100 3000 100 0 0 0 0 0 8 8 5 45 58 100 0 0 
26200 3000 100 0 0 0 0 0 8 8 5 48 56 100 0 0 
26300 2970 100 0 0 0 0 0 10 9 4 39 55 100 0 0 
26400 3000 100 0 0 0 0 0 8 8 3 37 53 100 0 0 
26500 3000 100 0 0 0 0 0 3 3 0 37 56 100 0 0 
26600 3000 100 0 0 0 0 0 3 3 1 44 54 100 0 0 
26700 2970 100 0 0 0 0 0 9 8 2 38 60 100 0 0 
26800 3000 100 0 0 0 0 0 4 4 0 34 50 100 0 0 
26900 3000 100 0 0 0 0 0 7 7 3 38 53 100 0 0 
27000 3000 100 0 0 0 0 0 9 9 4 46 55 100 0 0 
27100 3000 100 0 0 0 0 0 10 10 2 40 56 100 0 0 
27200 3000 100 0 0 0 0 0 14 14 8 43 62 100 0 0 
27300 3000 100 0 0 0 0 0 2 2 1 46 61 100 0 0 
27400 3000 100 0 0 0 0 0 3 3 1 43 59 100 0 0 
27500 3000 100 0 0 0 0 0 8 8 6 49 56 100 0 0 
27600 3000 100 0 0 0 0 0 6 6 4 46 56 100 0 0 
27700 3000 99 0 0 0 0 0 12 13 2 46 51 99 0 0 
27800 3000 100 0 0 0 0 0 0 0 0 40 53 100 0 0 
27900 3000 100 0 0 0 0 0 13 13 5 43 56 100 0 0 
28000 3000 100 0 0 0 0 0 5 5 3 49 59 100 0 0 
28100 3000 100 0 0 0 0 0 7 7 6 51 54 100 0 0 
28200 3000 100 0 0 0 0 0 4 4 0 47 54 100 0 0 
28300 3000 100 0 0 0 0 0 4 4 1 53 54 100 0 0 
28400 3000 100 0 0 0 0 0 2 2 1 44 58 100 0 0 
28500 3000 100 0 0 0 0 0 0 0 0 45 56 100 0 0 
28600 2940 98 0 0 0 0 0 3 3 1 38 58 98 0 0 
28700 3000 100 0 0 0 0 0 4 4 0 26 53 100 0 0 
28800 3000 100 0 0 0 0 0 13 13 3 45 59 100 0 0 
28900 3000 100 0 0 0 0 0 2 2 2 50 54 100 0 0 
29000 3000 100 0 0 0 0 0 8 8 5 43 56 100 0 0 
29100 3000 100 0 0 0 0 0 3 3 1 38 59 100 0 0 
29200 3000 100 0 0 0 0 0 5 5 3 48 57 100 0 0 
29300 3000 100 0 0 0 0 0 4 4 2 56 54 100 0 0 
29400 3000 100 0 0 0 0 0 6 6 3 46 57 100 0 0 
29500 3000 100 0 0 0 0 0 3 3 2 52 55 100 0 0 
29600 3000 100 0 0 0 0 0 4 4 1 46 58 100 0 0 
29700 3000 100 0 0 0 0 0 1 1 0 40 59 100 0 0 
29800 3000 100 0 0 0 0 0 3 3 2 51 55 100 0 0 
29900 3000 100 0 0 0 0 0 7 7 1 43 60 100 0 0 
30000 3000 100 0 0 0 0 0 3 3 2 45 55 100 0 0 
30100 3000 99 0 0 0 0 0 6 7 4 53 53 99 0 0 
30200 3000 100 0 0 0 0 0 5 5 3 34 51 100 0 0 
30300 3000 100 0 0 0 0 0 5 5 2 38 57 100 0 0 
30400 3000 100 0 0 0 0 0 7 7 3 42 58 100 0 0 
30500 3000 100 0 0 0 0 0 7 7 2 34 56 100 0 0 
30600 3000 100 0 0 0 0 0 7 7 3 38 54 100 0 0 
30700 3000 100 0 0 0 0 0 4 4 3 49 56 100 0 0 
30800 3000 100 0 0 0 0 0 3 3 2 55 58 100 0 0 
30900 3000 100 0 0 0 0 0 2 2 1 46 63 100 0 0 
31000 3000 100 0 0 0 0 0 9 9 4 43 55 100 0 0 
31100 3000 100 0 0 0 0 0 4 4 2 44 55 100 0 0 
31200 3000 100 0 0 0 0 0 6 6 3 50 57 100 0 0 
31300 3000 100 0 0 0 0 0 9 9 4 48 53 100 0 0 
31400 3000 100 0 0 0 0 0 1 1 1 52 56 100 0 0 
31500 2970 99 0 0 0 0 0 2 2 2 44 52 99 0 0 
31600 3000 100 0 0 0 0 0 8 8 2 43 53 100 0 0 
31700 2970 99 0 0 0 0 0 9 9 4 43 59 99 0 0 
31800 2970 99 0 0 0 0 0 4 4 2 39 59 99 0 0 
31900 3000 100 0 0 0 0 0 5 5 3 44 58 100 0 0 
32000 3000 100 0 0 0 0 0 4 4 2 48 53 100 0 0 
32100 3000 100 0 0 0 0 0 8 8 1 37 60 100 0 0 
32200 3000 100 0 0 0 0 0 6 6 6 47 56 100 0 0 
32300 3000 100 0 0 0 0 0 9 9 4 38 60 100 0 0 
32400 3000 100 0 0 0 0 0 4 4 1 35 61 100 0 0 
32500 3000 100 0 0 0 0 0 6 6 3 47 55 100 0 0 
32600 3000 100 0 0 0 0 0 6 6 2 49 55 100 0 0 
32700 2970 100 0 0 0 0 0 2 1 2 41 52 100 0 0 
32800 2970 99 0 0 0 0 0 2 2 1 40 50 99 0 0 
32900 3000 100 0 0 0 0 0 6 6 1 47 57 100 0 0 
33000 3000 100 0 0 0 0 0 5 5 4 51 54 100 0 0 
33100 3000 100 0 0 0 0 0 3 3 2 51 50 100 0 0 
33200 3000 100 0 0 0 0 0 3 3 3 48 61 100 0 0 
33300 3000 100 0 0 0 0 0 9 9 2 38 57 100 0 0 
33400 3000 99 0 0 0 0 0 2 3 1 47 54 99 0 0 
33500 3000 100 0 0 0 0 0 7 7 2 38 59 100 0 0 
33600 3000 100 0 0 0 0 0 7 7 2 41 58 100 0 0 
33700 3000 100 0 0 0 0 0 1 1 1 45 58 100 0 0 
33800 2970 99 0 0 0 0 0 6 6 2 49 55 99 0 0 
33900 3000 100 0 0 0 0 0 7 7 2 41 54 100 0 0 
34000 3000 100 0 0 0 0 0 6 6 4 43 60 100 0 0 
34100 3000 100 0 0 0 0 0 5 5 2 40 59 100 0 0 
34200 3000 100 0 0 0 0 0 4 4 2 48 54 100 0 0 
34300 3000 100 0 0 0 0 0 4 4 1 41 57 100 0 0 
34400 3000 100 0 0 0 0 0 7 7 4 41 58 100 0 0 
34500 3000 100 0 0 0 0 0 1 1 1 50 53 100 0 0 
34600 3000 100 0 0 0 0 0 4 4 1 48 58 100 0 0 
34700 3000 100 0 0 0 0 0 7 7 4 45 54 100 0 0 
34800 3000 100 0 0 0 0 0 6 6 3 47 57 100 0 0 
34900 3000 100 0 0 0 0 0 7 7 2 36 54 100 0 0 
35000 3000 100 0 0 0 0 0 7 7 3 52 54 100 0 0 
35100 3000 100 0 0 0 0 0 8 8 4 33 53 100 0 0 
35200 3000 100 0 0 0 0 0 6 6 1 31 58 100 0 0 
35300 3000 100 0 0 0 0 0 8 8 3 49 57 100 0 0 
35400 3000 100 0 0 0 0 0 5 5 3 32 55 100 0 0 
35500 3000 100 0 0 0 0 0 4 4 2 38 56 100 0 0 
35600 2970 99 0 0 0 0 0 4 4 1 47 57 99 0 0 
35700 2970 99 0 0 0 0 0 4 4 1 44 53 99 0 0 
35800 3000 100 0 0 0 0 0 9 9 6 51 56 100 0 0 
35900 3000 100 0 0 0 0 0 1 1 1 41 58 100 0 0 
36000 3000 100 0 0 0 0 0 0 0 0 41 57 100 0 0 
36100 3000 100 0 0 0 0 0 3 3 2 53 62 100 0 0 
36200 3000 100 0 0 0 0 0 4 4 3 44 57 100 0 0 
36300 3000 100 0 0 0 0 0 11 11 5 47 56 100 0 0 
36400 3000 100 0 0 0 0 0 7 7 4 44 54 100 0 0 
36500 3000 100 0 0 0 0 0 7 7 5 41 49 100 0 0 
36600 2970 99 0 0 0 0 0 7 7 3 33 53 99 0 0 
36700 3000 100 0 0 0 0 0 1 1 1 42 63 100 0 0 
36800 3000 100 0 0 0 0 0 6 6 3 42 63 100 0 0 
36900 3000 100 0 0 0 0 0 2 2 1 40 58 100 0 0 
37000 3000 100 0 0 0 0 0 9 9 6 47 54 100 0 0 
37100 3000 99 0 0 0 0 0 2 3 1 46 52 99 0 0 
37200 3000 99 0 0 0 0 0 5 6 2 41 52 99 0 0 
37300 3000 100 0 0 0 0 0 4 4 3 45 54 100 0 0 
37400 3000 100 0 0 0 0 0 2 2 1 44 53 100 0 0 
37500 3000 100 0 0 0 0 0 5 5 1 38 53 100 0 0 
37600 2970 99 0 0 0 0 0 4 4 4 44 56 99 0 0 
37700 2940 98 0 0 0 0 0 2 2 1 34 54 98 0 0 
37800 3000 100 0 0 0 0 0 1 1 0 41 56 100 0 0 
37900 3000 100 0 0 0 0 0 6 6 3 39 51 100 0 0 
38000 3000 100 0 0 0 0 0 4 4 0 40 59 100 0 0 
38100 2970 100 0 0 0 0 0 6 5 3 38 57 100 0 0 
38200 3000 99 0 0 0 0 0 3 4 1 39 64 99 0 0 
38300 3000 100 0 0 0 0 0 5 5 2 50 52 100 0 0 
38400 3000 100 0 0 0 0 0 7 7 2 45 57 100 0 0 
38500 3000 100 0 0 0 0 0 12 12 5 35 54 100 0 0 
38600 3000 100 0 0 0 0 0 4 4 1 41 62 100 0 0 
38700 3000 100 0 0 0 0 0 4 4 2 34 57 100 0 0 
38800 3000 100 0 0 0 0 0 9 9 3 41 54 100 0 0 
38900 3000 100 0 0 0 0 0 7 7 1 38 54 100 0 0 
39000 3000 100 0 0 0 0 0 7 7 2 44 50 100 0 0 
39100 3000 100 0 0 0 0 0 4 4 2 46 53 100 0 0 
39200 3000 100 0 0 0 0 0 6 6 1 41 56 100 0 0 
39300 3000 100 0 0 0 0 0 5 5 1 41 55 100 0 0 
39400 3000 100 0 0 0 0 0 7 7 3 33 53 100 0 0 
39500 2970 100 0 0 0 0 0 7 6 4 39 60 100 0 0 
39600 3000 100 0 0 0 0 0 6 6 2 42 58 100 0 0 
39700 3000 100 0 0 0 0 0 5 5 3 45 58 100 0 0 
39800 3000 100 0 0 0 0 0 2 2 0 48 52 100 0 0 
39900 3000 100 0 0 0 0 0 6 6 2 45 54 100 0 0 
40000 3000 100 0 0 0 0 0 7 7 0 36 53 100 0 0 
40100 3000 100 0 0 0 0 0 6 6 4 36 58 100 0 0 
40200 3000 100 0 0 0 0 0 3 3 2 39 60 100 0 0 
40300 3000 100 0 0 0 0 0 5 5 2 38 56 100 0 0 
40400 3000 100 0 0 0 0 0 4 4 1 43 61 100 0 0 
40500 3000 100 0 0 0 0 0 7 7 3 49 57 100 0 0 
40600 3000 100 0 0 0 0 0 3 3 1 42 56 100 0 0 
40700 3000 100 0 0 0 0 0 6 6 3 44 55 100 0 0 
40800 3000 100 0 0 0 0 0 0 0 0 47 53 100 0 0 
40900 3000 100 0 0 0 0 0 9 9 5 40 57 100 0 0 
41000 3000 100 0 0 0 0 0 2 2 1 34 63 100 0 0 
41100 3000 100 0 0 0 0 0 12 12 3 40 54 100 0 0 
41200 2970 99 0 0 0 0 0 5 5 0 41 58 99 0 0 
41300 3000 100 0 0 0 0 0 0 0 0 42 57 100 0 0 
41400 3000 99 0 0 0 0 0 2 3 1 42 54 99 0 0 
41500 3000 100 0 0 0 0 0 3 3 1 42 53 100 0 0 
41600 3000 100 0 0 0 0 0 3 3 2 42 52 100 0 0 
41700 3000 100 0 0 0 0 0 3 3 2 44 57 100 0 0 
41800 3000 100 0 0 0 0 0 3 3 1 37 55 100 0 0 
41900 3000 100 0 0 0 0 0 1 1 1 42 55 100 0 0 
42000 3000 99 0 0 0 0 0 1 2 0 33 54 99 0 0 
42100 3000 100 0 0 0 0 0 13 13 4 34 54 100 0 0 
42200 3000 100 0 0 0 0 0 8 8 5 40 53 100 0 0 
42300 2970 100 0 0 0 0 0 6 5 1 38 53 100 0 0 
42400 3000 100 0 0 0 0 0 7 7 0 38 57 100 0 0 
42500 2970 99 0 0 0 0 0 5 5 1 34 54 99 0 0 
42600 3000 100 0 0 0 0 0 5 5 2 37 49 100 0 0 
42700 3000 100 0 0 0 0 0 4 4 0 37 51 100 0 0 
42800 3000 100 0 0 0 0 0 2 2 1 39 55 100 0 0 
42900 3000 100 0 0 0 0 0 2 2 1 37 55 100 0 0 
43000 3000 100 0 0 0 0 0 4 4 0 37 57 100 0 0 
43100 3000 100 0 0 0 0 0 5 5 1 43 52 100 0 0 
43200 3000 100 0 0 0 0 0 7 7 3 38 53 100 0 0 
43300 3000 100 0 0 0 0 0 3 3 1 36 54 100 0 0 
43400 3000 100 0 0 0 0 0 11 11 6 40 50 100 0 0 
43500 3000 100 0 0 0 0 0 9 9 6 37 57 100 0 0 
43600 3000 100 0 0 0 0 0 6 6 2 34 55 100 0 0 
43700 2970 99 0 0 0 0 0 2 2 2 37 55 99 0 0 
43800 3000 100 0 0 0 0 0 7 7 2 38 51 100 0 0 
43900 3000 99 0 0 0 0 0 4 5 2 36 55 99 0 0 
44000 3000 100 0 0 0 0 0 7 7 5 41 59 100 0 0 
44100 3000 100 0 0 0 0 0 10 10 4 38 56 100 0 0 
44200 3000 100 0 0 0 0 0 7 7 3 34 57 100 0 0 
44300 3000 100 0 0 0 0 0 7 7 2 32 52 100 0 0 
44400 3000 100 0 0 0 0 0 4 4 1 36 55 100 0 0 
44500 3000 100 0 0 0 0 0 1 1 1 43 57 100 0 0 
44600 3000 100 0 0 0 0 0 9 9 2 49 55 100 0 0 
44700 3000 100 0 0 0 0 0 1 1 1 49 58 100 0 0 
44800 3000 100 0 0 0 0 0 8 8 4 44 58 100 0 0 
44900 3000 100 0 0 0 0 0 6 6 2 41 54 100 0 0 
45000 2970 100 0 0 0 0 0 5 4 2 44 52 100 0 0 
45100 3000 100 0 0 0 0 0 7 7 1 36 55 100 0 0 
45200 3000 100 0 0 0 0 0 2 2 1 36 58 100 0 0 
45300 3000 100 0 0 0 0 0 3 3 1 35 51 100 0 0 
45400 3000 100 0 0 0 0 0 5 5 0 37 57 100 0 0 
45500 3000 100 0 0 0 0 0 9 9 5 31 56 100 0 0 
45600 3000 100 0 0 0 0 0 2 2 2 35 54 100 0 0 
45700 2970 100 0 0 0 0 0 4 3 1 50 51 100 0 0 
45800 3000 100 0 0 0 0 0 6 6 4 42 58 100 0 0 
45900 3000 100 0 0 0 0 0 5 5 2 26 56 100 0 0 
46000 3000 99 0 0 0 0 0 2 3 0 27 60 99 0 0 
46100 3000 100 0 0 0 0 0 1 1 0 28 59 100 0 0 
46200 3000 100 0 0 0 0 0 8 8 4 38 55 100 0 0 
46300 3000 100 0 0 0 0 0 1 1 0 44 55 100 0 0 
46400 2970 99 0 0 0 0 0 7 7 3 40 59 99 0 0 
46500 3000 100 0 0 0 0 0 8 8 2 42 56 100 0 0 
46600 3000 100 0 0 0 0 0 8 8 3 45 57 100 0 0 
46700 2970 100 0 0 0 0 0 15 14 4 40 56 100 0 0 
46800 3000 100 0 0 0 0 0 3 3 1 45 52 100 0 0 
46900 2970 99 0 0 0 0 0 4 4 1 47 49 99 0 0 
47000 2970 99 0 0 0 0 0 2 2 1 34 54 99 0 0 
47100 3000 100 0 0 0 0 0 4 4 1 38 57 100 0 0 
47200 2970 99 0 0 0 0 0 5 5 1 32 56 99 0 0 
47300 3000 100 0 0 0 0 0 1 1 0 43 57 100 0 0 
47400 3000 100 0 0 0 0 0 11 11 6 38 57 100 0 0 
47500 3000 100 0 0 0 0 0 5 5 1 33 58 100 0 0 
47600 3000 100 0 0 0 0 0 5 5 0 30 58 100 0 0 
47700 3000 100 0 0 0 0 0 2 2 1 38 57 100 0 0 
47800 3000 100 0 0 0 0 0 6 6 1 32 54 100 0 0 
47900 2970 99 0 0 0 0 0 2 2 1 33 53 99 0 0 
48000 3000 100 0 0 0 0 0 5 5 1 42 55 100 0 0 
48100 2970 99 0 0 0 0 0 4 4 2 40 55 99 0 0 
48200 3000 100 0 0 0 0 0 10 10 3 36 54 100 0 0 
48300 3000 100 0 0 0 0 0 3 3 0 47 59 100 0 0 
48400 3000 100 0 0 0 0 0 3 3 1 49 55 100 0 0 
48500 3000 100 0 0 0 0 0 7 7 3 44 52 100 0 0 
48600 3000 100 0 0 0 0 0 3 3 3 45 55 100 0 0 
48700 3000 100 0 0 0 0 0 6 6 3 40 55 100 0 0 
48800 3000 100 0 0 0 0 0 4 4 1 41 55 100 0 0 
48900 3000 100 0 0 0 0 0 2 2 1 45 55 100 0 0 
49000 3000 100 0 0 0 0 0 4 4 3 40 53 100 0 0 
49100 3000 100 0 0 0 0 0 9 9 4 40 56 100 0 0 
49200 2970 100 0 0 0 0 0 9 8 3 37 50 100 0 0 
49300 3000 100 0 0 0 0 0 7 7 5 43 51 100 0 0 
49400 3000 100 0 0 0 0 0 15 15 5 39 60 100 0 0 
49500 3000 100 0 0 0 0 0 10 10 4 42 52 100 0 0 
49600 3000 100 0 0 0 0 0 5 5 0 43 56 100 0 0 
49700 3000 100 0 0 0 0 0 5 5 4 47 55 100 0 0 
49800 3000 100 0 0 0 0 0 9 9 5 40 52 100 0 0 
49900 3000 100 0 0 0 0 0 5 5 3 39 57 100 0 0 
50000 2970 98 0 0 0 0 0 5 6 2 41 53 98 0 0 
50100 3000 100 0 0 0 0 0 5 5 3 38 58 100 0 0 
50200 3000 100 0 0 0 0 0 4 4 1 34 55 100 0 0 
50300 2970 100 0 0 0 0 0 6 5 3 46 55 100 0 0 
50400 3000 100 0 0 0 0 0 8 8 6 43 59 100 0 0 
50500 3000 99 0 0 0 0 0 6 7 3 43 57 99 0 0 
50600 3000 100 0 0 0 0 0 6 6 3 52 55 100 0 0 
50700 3000 100 0 0 0 0 0 7 7 3 37 56 100 0 0 
50800 3000 100 0 0 0 0 0 9 9 5 49 57 100 0 0 
50900 3000 100 0 0 0 0 0 7 7 5 40 55 100 0 0 
51000 3000 100 0 0 0 0 0 5 5 2 42 51 100 0 0 
51100 3000 100 0 0 0 0 0 7 7 1 42 55 100 0 0 
51200 3000 100 0 0 0 0 0 2 2 1 45 58 100 0 0 
51300 3000 100 0 0 0 0 0 4 4 1 46 56 100 0 0 
51400 3000 100 0 0 0 0 0 3 3 2 30 53 100 0 0 
51500 3000 100 0 0 0 0 0 5 5 3 44 60 100 0 0 
51600 2970 99 0 0 0 0 0 5 5 3 43 55 99 0 0 
51700 3000 100 0 0 0 0 0 9 9 5 54 52 100 0 0 
51800 2970 99 0 0 0 0 0 4 4 1 37 47 99 0 0 
51900 3000 100 0 0 0 0 0 7 7 4 32 60 100 0 0 
52000 3000 100 0 0 0 0 0 1 1 0 36 56 100 0 0 
52100 3000 100 0 0 0 0 0 6 6 4 50 52 100 0 0 
52200 2970 99 0 0 0 0 0 4 4 2 37 52 99 0 0 
52300 3000 100 0 0 0 0 0 2 2 0 46 57 100 0 0 
52400 3000 100 0 0 0 0 0 4 4 0 35 63 100 0 0 
52500 3000 100 0 0 0 0 0 4 4 2 52 59 100 0 0 
52600 2970 99 0 0 0 0 0 5 5 1 38 60 99 0 0 
52700 3000 100 0 0 0 0 0 5 5 1 40 56 100 0 0 
52800 3000 100 0 0 0 0 0 6 6 3 28 54 100 0 0 
52900 3000 100 0 0 0 0 0 2 2 2 46 54 100 0 0 
53000 3000 100 0 0 0 0 0 6 6 3 40 59 100 0 0 
53100 3000 100 0 0 0 0 0 10 10 6 41 57 100 0 0 
53200 2970 99 0 0 0 0 0 0 0 0 46 55 99 0 0 
53300 3000 100 0 0 0 0 0 6 6 2 38 58 100 0 0 
53400 3000 100 0 0 0 0 0 4 4 1 41 60 100 0 0 
53500 3000 100 0 0 0 0 0 3 3 1 35 55 100 0 0 
53600 3000 100 0 0 0 0 0 10 10 4 39 56 100 0 0 
53700 3000 100 0 0 0 0 0 2 2 0 38 58 100 0 0 
53800 3000 100 0 0 0 0 0 5 5 3 44 62 100 0 0 
53900 3000 100 0 0 0 0 0 11 11 6 38 58 100 0 0 
54000 3000 100 0 0 0 0 0 8 8 2 33 50 100 0 0 
54100 3000 100 0 0 0 0 0 1 1 1 44 54 100 0 0 
54200 3000 100 0 0 0 0 0 1 1 0 49 55 100 0 0 
54300 3000 100 0 0 0 0 0 6 6 2 34 54 100 0 0 
54400 3000 100 0 0 0 0 0 7 7 2 32 56 100 0 0 
54500 3000 100 0 0 0 0 0 7 7 1 42 61 100 0 0 
54600 3000 100 0 0 0 0 0 3 3 0 34 56 100 0 0 
54700 3000 100 0 0 0 0 0 7 7 4 39 58 100 0 0 
54800 2970 99 0 0 0 0 0 6 6 1 34 58 99 0 0 
54900 3000 100 0 0 0 0 0 2 2 0 39 58 100 0 0 
55000 3000 100 0 0 0 0 0 3 3 2 39 60 100 0 0 
55100 3000 100 0 0 0 0 0 5 5 3 45 55 100 0 0 
55200 3000 100 0 0 0 0 0 6 6 0 36 54 100 0 0 
55300 3000 100 0 0 0 0 0 4 4 1 43 57 100 0 0 
55400 2970 98 0 0 0 0 0 7 8 4 29 55 98 0 0 
55500 3000 100 0 0 0 0 0 5 5 2 35 56 100 0 0 
55600 3000 100 0 0 0 0 0 13 13 2 35 53 100 0 0 
55700 3000 100 0 0 0 0 0 3 3 1 36 53 100 0 0 
55800 3000 100 0 0 0 0 0 4 4 2 34 58 100 0 0 
55900 2940 98 0 0 0 0 0 4 4 2 36 54 98 0 0 
56000 2970 99 0 0 0 0 0 0 0 0 36 57 99 0 0 
56100 3000 100 0 0 0 0 0 6 6 3 48 53 100 0 0 
56200 3000 100 0 0 0 0 0 6 6 2 42 58 100 0 0 
56300 2970 99 0 0 0 0 0 4 4 0 36 57 99 0 0 
56400 3000 100 0 0 0 0 0 11 11 4 45 57 100 0 0 
56500 2940 98 0 0 0 0 0 1 1 0 38 55 98 0 0 
56600 3000 100 0 0 0 0 0 10 10 3 37 58 100 0 0 
56700 3000 100 0 0 0 0 0 1 1 0 36 54 100 0 0 
56800 3000 100 0 0 0 0 0 5 5 2 40 59 100 0 0 
56900 3000 100 0 0 0 0 0 5 5 1 40 56 100 0 0 
57000 3000 100 0 0 0 0 0 7 7 4 42 62 100 0 0 
57100 3000 100 0 0 0 0 0 7 7 1 39 54 100 0 0 
57200 3000 100 0 0 0 0 0 4 4 0 34 60 100 0 0 
57300 2970 99 0 0 0 0 0 2 2 1 34 62 99 0 0 
57400 3000 100 0 0 0 0 0 7 7 3 50 52 100 0 0 
57500 3000 100 0 0 0 0 0 4 4 2 34 58 100 0 0 
57600 3000 100 0 0 0 0 0 2 2 0 35 57 100 0 0 
57700 3000 100 0 0 0 0 0 2 2 0 40 53 100 0 0 
57800 3000 100 0 0 0 0 0 5 5 5 40 54 100 0 0 
57900 3000 100 0 0 0 0 0 10 10 5 44 58 100 0 0 
58000 3000 100 0 0 0 0 0 3 3 0 39 55 100 0 0 
58100 3000 100 0 0 0 0 0 9 9 0 34 53 100 0 0 
58200 3000 100 0 0 0 0 0 6 6 2 41 58 100 0 0 
58300 3000 100 0 0 0 0 0 3 3 2 39 58 100 0 0 
58400 2970 99 0 0 0 0 0 0 0 0 27 51 99 0 0 
58500 3000 100 0 0 0 0 0 5 5 2 36 58 100 0 0 
58600 3000 100 0 0 0 0 0 11 11 5 44 56 100 0 0 
58700 2970 100 0 0 0 0 0 8 7 5 44 55 100 0 0 
58800 2970 99 0 0 0 0 0 6 6 1 52 56 99 0 0 
58900 3000 100 0 0 0 0 0 6 6 3 42 59 100 0 0 
59000 3000 100 0 0 0 0 0 7 7 1 43 53 100 0 0 
59100 3000 100 0 0 0 0 0 6 6 3 39 61 100 0 0 
59200 3000 100 0 0 0 0 0 8 8 2 43 57 100 0 0 
59300 3000 100 0 0 0 0 0 2 2 0 46 52 100 0 0 
59400 3000 99 0 0 0 0 0 7 8 4 45 57 99 0 0 
59500 3000 100 0 0 0 0 0 3 3 1 37 51 100 0 0 
59600 3000 100 0 0 0 0 0 4 4 1 41 55 100 0 0 
59700 3000 100 0 0 0 0 0 4 4 2 37 52 100 0 0 
59800 3000 100 0 0 0 0 0 2 2 1 43 57 100 0 0 
59900 3000 100 0 0 0 0 0 12 12 8 44 56 100 0 0 
60000 3000 100 0 0 0 0 0 3 3 2 42 53 100 0 0 
60100 3000 100 0 0 0 0 0 5 5 2 31 53 100 0 0 
60200 3000 100 0 0 0 0 0 1 1 0 41 58 100 0 0 
60300 2970 99 0 0 0 0 0 4 4 1 35 55 99 0 0 
60400 3000 100 0 0 0 0 0 9 9 2 18 61 100 0 0 
60500 3000 100 0 0 0 0 0 3 3 1 40 59 100 0 0 
60600 3000 100 0 0 0 0 0 3 3 1 41 53 100 0 0 
60700 3000 100 0 0 0 0 0 2 2 2 40 50 100 0 0 
60800 3000 100 0 0 0 0 0 4 4 2 35 55 100 0 0 
60900 3000 100 0 0 0 0 0 7 7 2 37 63 100 0 0 
61000 3000 100 0 0 0 0 0 5 5 2 32 57 100 0 0 
61100 3000 100 0 0 0 0 0 6 6 1 30 56 100 0 0 
61200 3000 100 0 0 0 0 0 8 8 2 24 51 100 0 0 
61300 3000 100 0 0 0 0 0 1 1 0 38 60 100 0 0 
61400 3000 100 0 0 0 0 0 6 6 3 40 54 100 0 0 
61500 3000 100 0 0 0 0 0 8 8 2 33 55 100 0 0 
61600 3000 99 0 0 0 0 0 12 13 4 30 49 99 0 0 
61700 3000 100 0 0 0 0 0 3 3 1 34 56 100 0 0 
61800 3000 100 0 0 0 0 0 7 7 3 30 56 100 0 0 
61900 2970 100 0 0 0 0 0 9 8 1 31 53 100 0 0 
62000 3000 100 0 0 0 0 0 16 16 9 34 54 100 0 0 
62100 3000 99 0 0 0 0 0 6 7 2 37 53 99 0 0 
62200 3000 100 0 0 0 0 0 10 10 2 16 54 100 0 0 
62300 3000 100 0 0 0 0 0 2 2 1 28 53 100 0 0 
62400 3000 100 0 0 0 0 0 3 3 3 35 57 100 0 0 
62500 3000 100 0 0 0 0 0 5 5 2 26 62 100 0 0 
62600 3000 100 0 0 0 0 0 4 4 2 24 57 100 0 0 
62700 3000 100 0 0 0 0 0 7 7 2 31 62 100 0 0 
62800 3000 100 0 0 0 0 0 6 6 1 25 60 100 0 0 
62900 2970 99 0 0 0 0 0 4 4 2 30 57 99 0 0 
63000 3000 100 0 0 0 0 0 4 4 1 27 56 100 0 0 
63100 3000 100 0 0 0 0 0 8 8 2 28 55 100 0 0 
63200 3000 99 0 0 0 0 0 5 6 1 26 53 99 0 0 
63300 3000 100 0 0 0 0 0 5 5 2 28 56 100 0 0 
63400 3000 99 0 0 0 0 0 3 4 1 31 53 99 0 0 
63500 3000 100 0 0 0 0 0 2 2 1 19 62 100 0 0 
63600 2970 99 0 0 0 0 0 6 6 0 21 58 99 0 0 
63700 3000 100 0 0 0 0 0 13 13 3 24 59 100 0 0 
63800 3000 100 0 0 0 0 0 12 12 3 29 58 100 0 0 
63900 3000 100 0 0 0 0 0 3 3 2 21 56 100 0 0 
64000 3000 100 0 0 0 0 0 1 1 1 32 56 100 0 0 
64100 3000 100 0 0 0 0 0 8 8 4 28 61 100 0 0 
64200 3000 100 0 0 0 0 0 8 8 3 34 54 100 0 0 
64300 3000 100 0 0 0 0 0 8 8 3 33 61 100 0 0 
64400 3000 100 0 0 0 0 0 9 9 2 34 57 100 0 0 
64500 3000 100 0 0 0 0 0 4 4 2 33 57 100 0 0 
64600 3000 100 0 0 0 0 0 8 8 2 25 58 100 0 0 
64700 3000 100 0 0 0 0 0 3 3 1 34 55 100 0 0 
64800 2970 99 0 0 0 0 0 5 5 0 23 52 99 0 0 
64900 3000 100 0 0 0 0 0 5 5 1 25 62 100 0 0 
65000 3000 100 0 0 0 0 0 2 2 0 26 57 100 0 0 
65100 3000 100 0 0 0 0 0 2 2 0 30 52 100 0 0 
65200 3000 100 0 0 0 0 0 9 9 3 29 59 100 0 0 
65300 3000 100 0 0 0 0 0 3 3 0 27 63 100 0 0 
65400 3000 100 0 0 0 0 0 9 9 1 36 54 100 0 0 
65500 3000 100 0 0 0 0 0 7 7 1 29 59 100 0 0 
65600 2970 99 0 0 0 0 0 4 4 0 24 55 99 0 0 
65700 3000 100 0 0 0 0 0 4 4 0 31 52 100 0 0 
65800 3000 100 0 0 0 0 0 4 4 1 19 60 100 0 0 
65900 2970 99 0 0 0 0 0 5 5 1 21 54 99 0 0 
66000 3000 100 0 0 0 0 0 8 8 3 31 61 100 0 0 
66100 3000 100 0 0 0 0 0 9 9 2 27 56 100 0 0 
66200 3000 100 0 0 0 0 0 4 4 0 39 57 100 0 0 
66300 3000 100 0 0 0 0 0 4 4 0 27 62 100 0 0 
66400 3000 100 0 0 0 0 0 5 5 2 22 55 100 0 0 
66500 3000 100 0 0 0 0 0 9 9 4 17 58 100 0 0 
66600 3000 100 0 0 0 0 0 6 6 1 24 54 100 0 0 
66700 3000 100 0 0 0 0 0 2 2 0 28 58 100 0 0 
66800 3000 100 0 0 0 0 0 4 4 1 22 56 100 0 0 
66900 3000 100 0 0 0 0 0 7 7 3 17 60 100 0 0 
67000 3000 100 0 0 0 0 0 4 4 2 22 52 100 0 0 
67100 3000 100 0 0 0 0 0 9 9 2 25 57 100 0 0 
67200 3000 100 0 0 0 0 0 3 3 1 24 62 100 0 0 
67300 3000 100 0 0 0 0 0 7 7 2 20 60 100 0 0 
67400 2970 100 0 0 0 0 0 4 3 0 31 58 100 0 0 
67500 3000 100 0 0 0 0 0 1 1 0 12 56 100 0 0 
67600 3000 100 0 0 0 0 0 4 4 1 19 53 100 0 0 
67700 3000 100 0 0 0 0 0 3 3 0 23 56 100 0 0 
67800 3000 100 0 0 0 0 0 10 10 0 22 51 100 0 0 
67900 3000 100 0 0 0 0 0 8 8 4 27 59 100 0 0 
68000 3000 100 0 0 0 0 0 5 5 1 28 58 100 0 0 
68100 3000 100 0 0 0 0 0 1 1 1 24 59 100 0 0 
68200 3000 100 0 0 0 0 0 2 2 0 18 60 100 0 0 
68300 2940 99 0 0 0 0 0 4 3 0 22 57 99 0 0 
68400 3000 100 0 0 0 0 0 7 7 4 30 53 100 0 0 
68500 3000 100 0 0 0 0 0 4 4 1 30 57 100 0 0 
68600 3000 100 0 0 0 0 0 2 2 0 18 56 100 0 0 
68700 3000 100 0 0 0 0 0 3 3 1 35 54 100 0 0 
68800 3000 100 0 0 0 0 0 9 9 2 29 53 100 0 0 
68900 3000 100 0 0 0 0 0 13 13 2 23 58 100 0 0 
69000 3000 100 0 0 0 0 0 8 8 1 25 50 100 0 0 
69100 3000 100 0 0 0 0 0 2 2 0 29 49 100 0 0 
69200 3000 100 0 0 0 0 0 3 3 1 36 54 100 0 0 
69300 3000 100 0 0 0 0 0 14 14 4 19 60 100 0 0 
69400 3000 100 0 0 0 0 0 1 1 0 25 57 100 0 0 
69500 2970 100 0 0 0 0 0 2 1 2 28 54 100 0 0 
69600 3000 100 0 0 0 0 0 3 3 2 27 58 100 0 0 
69700 3000 100 0 0 0 0 0 0 0 0 23 55 100 0 0 
69800 3000 100 0 0 0 0 0 1 1 0 33 58 100 0 0 
69900 3000 100 0 0 0 0 0 3 3 1 24 60 100 0 0 
70000 3000 100 0 0 0 0 0 3 3 0 28 56 100 0 0 
70100 3000 100 0 0 0 0 0 5 5 0 20 57 100 0 0 
70200 3000 100 0 0 0 0 0 4 4 1 21 61 100 0 0 
70300 3000 100 0 0 0 0 0 1 1 0 17 58 100 0 0 
70400 3000 100 0 0 0 0 0 5 5 2 30 56 100 0 0 
70500 3000 100 0 0 0 0 0 4 4 1 23 60 100 0 0 
70600 3000 100 0 0 0 0 0 3 3 2 25 53 100 0 0 
70700 3000 100 0 0 0 0 0 4 4 0 23 54 100 0 0 
70800 3000 100 0 0 0 0 0 0 0 0 25 63 100 0 0 
70900 3000 100 0 0 0 0 0 9 9 1 28 58 100 0 0 
71000 3000 100 0 0 0 0 0 5 5 2 26 59 100 0 0 
71100 3000 100 0 0 0 0 0 3 3 0 23 60 100 0 0 
71200 3000 100 0 0 0 0 0 8 8 0 20 60 100 0 0 
71300 3000 100 0 0 0 0 0 3 3 1 26 59 100 0 0 
71400 3000 100 0 0 0 0 0 3 3 1 28 63 100 0 0 
71500 3000 100 0 0 0 0 0 5 5 1 25 58 100 0 0 
71600 3000 100 0 0 0 0 0 3 3 1 22 60 100 0 0 
71700 3000 100 0 0 0 0 0 5 5 2 19 57 100 0 0 
71800 3000 100 0 0 0 0 0 2 2 0 25 53 100 0 0 
71900 3000 100 0 0 0 0 0 7 7 2 23 62 100 0 0 
72000 3000 100 0 0 0 0 0 3 3 0 18 59 100 0 0 
72100 3000 100 0 0 0 0 0 6 6 1 23 62 100 0 0 
72200 3000 100 0 0 0 0 0 2 2 0 27 55 100 0 0 
72300 3000 100 0 0 0 0 0 6 6 2 21 59 100 0 0 
72400 3000 100 0 0 0 0 0 1 1 0 13 64 100 0 0 
72500 3000 100 0 0 0 0 0 3 3 0 25 56 100 0 0 
72600 3000 100 0 0 0 0 0 3 3 1 30 62 100 0 0 
72700 3000 100 0 0 0 0 0 7 7 0 16 63 100 0 0 
72800 3000 100 0 0 0 0 0 10 10 4 21 60 100 0 0 
72900 3000 100 0 0 0 0 0 4 4 3 25 57 100 0 0 
73000 3000 100 0 0 0 0 0 6 6 0 28 57 100 0 0 
73100 3000 100 0 0 0 0 0 4 4 1 32 59 100 0 0 
73200 3000 100 0 0 0 0 0 4 4 1 31 49 100 0 0 
73300 3000 100 0 0 0 0 0 5 5 2 31 58 100 0 0 
73400 3000 100 0 0 0 0 0 4 4 0 20 57 100 0 0 
73500 3000 99 0 0 0 0 0 4 5 2 24 60 99 0 0 
73600 3000 100 0 0 0 0 0 4 4 0 16 59 100 0 0 
73700 3000 100 0 0 0 0 0 7 7 3 27 56 100 0 0 
73800 2970 99 0 0 0 0 0 4 4 1 34 57 99 0 0 
73900 3000 100 0 0 0 0 0 0 0 0 34 52 100 0 0 
74000 2970 99 0 0 0 0 0 6 6 2 24 54 99 0 0 
74100 3000 100 0 0 0 0 0 8 8 2 24 62 100 0 0 
74200 3000 100 0 0 0 0 0 8 8 3 29 52 100 0 0 
74300 3000 100 0 0 0 0 0 5 5 2 24 57 100 0 0 
74400 3000 100 0 0 0 0 0 2 2 2 27 56 100 0 0 
74500 2970 100 0 0 0 0 0 5 4 1 25 62 100 0 0 
74600 3000 100 0 0 0 0 0 2 2 1 22 61 100 0 0 
74700 3000 100 0 0 0 0 0 5 5 2 33 51 100 0 0 
74800 3000 99 0 0 0 0 0 2 3 0 25 60 99 0 0 
74900 3000 100 0 0 0 0 0 5 5 0 23 59 100 0 0 
75000 3000 100 0 0 0 0 0 6 6 1 21 60 100 0 0 
75100 3000 99 0 0 0 0 0 6 7 4 29 59 99 0 0 
75200 3000 99 0 0 0 0 0 2 3 0 22 54 99 0 0 
75300 3000 100 0 0 0 0 0 2 2 0 21 61 100 0 0 
75400 2970 99 0 0 0 0 0 5 5 1 27 51 99 0 0 
75500 3000 100 0 0 0 0 0 5 5 4 25 57 100 0 0 
75600 2970 100 0 0 0 0 0 7 6 0 29 58 100 0 0 
75700 3000 100 0 0 0 0 0 2 2 0 30 56 100 0 0 
75800 3000 100 0 0 0 0 0 4 4 1 29 60 100 0 0 
75900 3000 100 0 0 0 0 0 3 3 1 27 65 100 0 0 
76000 3000 100 0 0 0 0 0 3 3 0 26 60 100 0 0 
76100 3000 100 0 0 0 0 0 3 3 2 32 59 100 0 0 
76200 3000 100 0 0 0 0 0 3 3 2 38 60 100 0 0 
76300 3000 100 0 0 0 0 0 7 7 2 30 63 100 0 0 
76400 2970 98 0 0 0 0 0 5 6 1 28 60 98 0 0 
76500 3000 100 0 0 0 0 0 3 3 1 32 63 100 0 0 
76600 2970 100 0 0 0 0 0 8 7 4 29 59 100 0 0 
76700 3000 100 0 0 0 0 0 6 6 2 35 61 100 0 0 
76800 3000 99 0 0 0 0 0 3 4 0 30 64 99 0 0 
76900 3000 100 0 0 0 0 0 1 1 1 38 61 100 0 0 
77000 3000 100 0 0 0 0 0 6 6 3 26 59 100 0 0 
77100 2970 99 0 0 0 0 0 6 6 1 27 59 99 0 0 
77200 3000 100 0 0 0 0 0 0 0 0 28 59 100 0 0 
77300 3000 100 0 0 0 0 0 0 0 0 32 63 100 0 0 
77400 2970 100 0 0 0 0 0 6 5 2 27 54 100 0 0 
77500 2970 99 0 0 0 0 0 0 0 0 35 53 99 0 0 
77600 3000 100 0 0 0 0 0 11 11 3 33 63 100 0 0 
77700 3000 100 0 0 0 0 0 8 8 4 32 53 100 0 0 
77800 3000 100 0 0 0 0 0 5 5 0 30 59 100 0 0 
77900 3000 100 0 0 0 0 0 0 0 0 18 60 100 0 0 
78000 3000 100 0 0 0 0 0 3 3 2 23 55 100 0 0 
78100 3000 100 0 0 0 0 0 5 5 0 18 56 100 0 0 
78200 3000 100 0 0 0 0 0 7 7 1 19 63 100 0 0 
78300 3000 99 0 0 0 0 0 4 5 1 33 50 99 0 0 
78400 3000 100 0 0 0 0 0 6 6 2 36 58 100 0 0 
78500 3000 100 0 0 0 0 0 6 6 3 26 58 100 0 0 
78600 3000 100 0 0 0 0 0 5 5 1 18 59 100 0 0 
78700 3000 100 0 0 0 0 0 2 2 1 24 60 100 0 0 
78800 3000 100 0 0 0 0 0 4 4 4 30 60 100 0 0 
78900 3000 100 0 0 0 0 0 9 9 4 41 55 100 0 0 
79000 3000 100 0 0 0 0 0 10 10 4 35 58 100 0 0 
79100 3000 99 0 0 0 0 0 9 10 5 26 59 99 0 0 
79200 2970 99 0 0 0 0 0 4 4 3 27 58 99 0 0 
79300 3000 100 0 0 0 0 0 5 5 0 25 59 100 0 0 
79400 2970 99 0 0 0 0 0 3 3 2 36 57 99 0 0 
79500 3000 100 0 0 0 0 0 5 5 3 42 64 100 0 0 
79600 2970 100 0 0 0 0 0 5 4 2 34 56 100 0 0 
79700 3000 100 0 0 0 0 0 10 10 1 28 58 100 0 0 
79800 3000 100 0 0 0 0 0 4 4 1 31 53 100 0 0 
79900 3000 100 0 0 0 0 0 4 4 1 32 59 100 0 0 
80000 3000 100 0 0 0 0 0 3 3 1 26 56 100 0 0 
80100 3000 100 0 0 0 0 0 2 2 0 33 56 100 0 0 
80200 3000 100 0 0 0 0 0 5 5 0 27 57 100 0 0 
80300 3000 100 0 0 0 0 0 3 3 1 37 62 100 0 0 
80400 3000 100 0 0 0 0 0 2 2 2 33 63 100 0 0 
80500 3000 100 0 0 0 0 0 4 4 1 26 56 100 0 0 
80600 3000 100 0 0 0 0 0 6 6 0 29 52 100 0 0 
80700 3000 100 0 0 0 0 0 6 6 1 25 64 100 0 0 
80800 3000 100 0 0 0 0 0 2 2 1 18 57 100 0 0 
80900 3000 100 0 0 0 0 0 3 3 0 20 59 100 0 0 
81000 3000 100 0 0 0 0 0 8 8 1 24 61 100 0 0 
81100 3000 100 0 0 0 0 0 8 8 0 22 54 100 0 0 
81200 3000 100 0 0 0 0 0 4 4 1 27 54 100 0 0 
81300 3000 100 0 0 0 0 0 6 6 1 29 56 100 0 0 
81400 3000 100 0 0 0 0 0 5 5 0 25 55 100 0 0 
81500 3000 100 0 0 0 0 0 6 6 1 18 59 100 0 0 
81600 3000 100 0 0 0 0 0 4 4 0 22 59 100 0 0 
81700 3000 100 0 0 0 0 0 7 7 3 21 57 100 0 0 
81800 3000 100 0 0 0 0 0 0 0 0 17 60 100 0 0 
81900 3000 100 0 0 0 0 0 3 3 0 17 62 100 0 0 
82000 3000 100 0 0 0 0 0 1 1 0 24 61 100 0 0 
82100 3000 100 0 0 0 0 0 9 9 1 24 55 100 0 0 
82200 3000 100 0 0 0 0 0 5 5 1 19 61 100 0 0 
82300 3000 100 0 0 0 0 0 4 4 0 11 58 100 0 0 
82400 3000 99 0 0 0 0 0 0 1 0 10 61 99 0 0 
82500 2970 99 0 0 0 0 0 2 2 0 18 57 99 0 0 
82600 3000 100 0 0 0 0 0 2 2 0 22 55 100 0 0 
82700 3000 100 0 0 0 0 0 6 6 3 27 55 100 0 0 
82800 2940 98 0 0 0 0 0 0 0 0 18 62 98 0 0 
82900 3000 99 0 0 0 0 0 2 3 2 21 61 99 0 0 
83000 2970 100 0 0 0 0 0 2 1 0 19 55 100 0 0 
83100 3000 100 0 0 0 0 0 13 13 0 7 59 100 0 0 
83200 3000 100 0 0 0 0 0 4 4 0 18 59 100 0 0 
83300 3000 100 0 0 0 0 0 1 1 0 14 61 100 0 0 
83400 3000 100 0 0 0 0 0 3 3 0 22 59 100 0 0 
83500 3000 100 0 0 0 0 0 3 3 0 21 61 100 0 0 
83600 3000 100 0 0 0 0 0 3 3 1 30 53 100 0 0 
83700 3000 100 0 0 0 0 0 7 7 2 17 56 100 0 0 
83800 3000 100 0 0 0 0 0 4 4 1 25 54 100 0 0 
83900 3000 100 0 0 0 0 0 6 6 3 16 60 100 0 0 
84000 3000 100 0 0 0 0 0 4 4 3 21 58 100 0 0 
84100 3000 100 0 0 0 0 0 7 7 1 23 62 100 0 0 
84200 2970 99 0 0 0 0 0 5 5 2 33 57 99 0 0 
84300 3000 100 0 0 0 0 0 5 5 1 26 58 100 0 0 
84400 3000 100 0 0 0 0 0 3 3 0 24 61 100 0 0 
84500 2970 99 0 0 0 0 0 9 9 2 27 57 99 0 0 
84600 3000 100 0 0 0 0 0 3 3 0 25 59 100 0 0 
84700 3000 100 0 0 0 0 0 11 11 3 26 58 100 0 0 
84800 3000 100 0 0 0 0 0 7 7 2 20 60 100 0 0 
84900 3000 100 0 0 0 0 0 0 0 0 27 54 100 0 0 
85000 3000 98 0 0 0 0 0 6 8 3 27 61 98 0 0 
85100 2970 99 0 0 0 0 0 1 1 0 34 58 99 0 0 
85200 3000 100 0 0 0 0 0 5 5 0 22 54 100 0 0 
85300 2970 99 0 0 0 0 0 3 3 0 22 54 99 0 0 
85400 3000 100 0 0 0 0 0 3 3 0 35 61 100 0 0 
85500 3000 100 0 0 0 0 0 1 1 0 20 60 100 0 0 
85600 3000 100 0 0 0 0 0 3 3 0 26 54 100 0 0 
85700 3000 100 0 0 0 0 0 5 5 0 25 59 100 0 0 
85800 2970 99 0 0 0 0 0 8 8 2 25 55 99 0 0 
85900 2970 100 0 0 0 0 0 5 4 0 26 56 100 0 0 
86000 3000 99 0 0 0 0 0 1 2 1 24 56 99 0 0 
86100 3000 100 0 0 0 0 0 3 3 1 27 57 100 0 0 
86200 3000 100 0 0 0 0 0 5 5 1 33 52 100 0 0 
86300 3000 100 0 0 0 0 0 8 8 3 26 57 100 0 0 
86400 2970 99 0 0 0 0 0 3 3 1 22 58 99 0 0 
86500 3000 100 0 0 0 0 0 1 1 1 35 52 100 0 0 
86600 3000 100 0 0 0 0 0 7 7 1 24 53 100 0 0 
86700 3000 100 0 0 0 0 0 5 5 1 20 55 100 0 0 
86800 3000 100 0 0 0 0 0 3 3 1 26 57 100 0 0 
86900 2970 99 0 0 0 0 0 2 2 2 18 55 99 0 0 
87000 3000 100 0 0 0 0 0 3 3 1 23 56 100 0 0 
87100 3000 100 0 0 0 0 0 6 6 3 26 60 100 0 0 
87200 2970 99 0 0 0 0 0 2 2 2 34 57 99 0 0 
87300 3000 100 0 0 0 0 0 1 1 0 28 60 100 0 0 
87400 3000 100 0 0 0 0 0 3 3 1 23 48 100 0 0 
87500 3000 100 0 0 0 0 0 2 2 0 25 57 100 0 0 
87600 3000 100 0 0 0 0 0 2 2 0 17 62 100 0 0 
87700 2970 100 0 0 0 0 0 4 3 1 33 63 100 0 0 
87800 3000 100 0 0 0 0 0 5 5 0 29 53 100 0 0 
87900 2970 99 0 0 0 0 0 5 5 1 33 55 99 0 0 
88000 2970 100 0 0 0 0 0 4 3 0 20 59 100 0 0 
88100 3000 100 0 0 0 0 0 6 6 3 25 56 100 0 0 
88200 3000 100 0 0 0 0 0 7 7 1 22 50 100 0 0 
88300 3000 100 0 0 0 0 0 7 7 2 19 61 100 0 0 
88400 3000 100 0 0 0 0 0 4 4 1 36 58 100 0 0 
88500 3000 100 0 0 0 0 0 5 5 1 22 60 100 0 0 
88600 3000 100 0 0 0 0 0 7 7 4 23 57 100 0 0 
88700 3000 100 0 0 0 0 0 4 4 1 30 58 100 0 0 
88800 2970 100 0 0 0 0 0 6 5 1 25 50 100 0 0 
88900 3000 100 0 0 0 0 0 0 0 0 18 56 100 0 0 
89000 3000 100 0 0 0 0 0 7 7 4 30 53 100 0 0 
89100 3000 100 0 0 0 0 0 10 10 3 27 54 100 0 0 
89200 3000 100 0 0 0 0 0 6 6 2 33 57 100 0 0 
89300 3000 100 0 0 0 0 0 1 1 0 24 54 100 0 0 
89400 3000 100 0 0 0 0 0 6 6 2 23 54 100 0 0 
89500 3000 100 0 0 0 0 0 7 7 5 28 52 100 0 0 
89600 3000 100 0 0 0 0 0 9 9 2 30 55 100 0 0 
89700 3000 100 0 0 0 0 0 4 4 1 27 55 100 0 0 
89800 3000 100 0 0 0 0 0 12 12 1 24 54 100 0 0 
89900 3000 100 0 0 0 0 0 4 4 1 21 57 100 0 0 
90000 3000 100 0 0 0 0 0 12 12 4 23 56 100 0 0 
90100 3000 100 0 0 0 0 0 6 6 1 30 57 100 0 0 
90200 3000 100 0 0 0 0 0 3 3 0 15 62 100 0 0 
90300 3000 100 0 0 0 0 0 7 7 3 20 59 100 0 0 
90400 2970 100 0 0 0 0 0 6 5 2 30 58 100 0 0 
90500 3000 100 0 0 0 0 0 9 9 3 29 54 100 0 0 
90600 3000 100 0 0 0 0 0 7 7 1 31 59 100 0 0 
90700 3000 100 0 0 0 0 0 6 6 2 26 54 100 0 0 
90800 2970 99 0 0 0 0 0 6 6 4 30 55 99 0 0 
90900 2970 100 0 0 0 0 0 2 1 0 25 56 100 0 0 
91000 2970 99 0 0 0 0 0 1 1 0 28 55 99 0 0 
91100 3000 100 0 0 0 0 0 5 5 2 23 63 100 0 0 
91200 3000 100 0 0 0 0 0 9 9 1 23 56 100 0 0 
91300 3000 100 0 0 0 0 0 4 4 1 25 61 100 0 0 
91400 3000 100 0 0 0 0 0 9 9 1 24 52 100 0 0 
91500 3000 100 0 0 0 0 0 5 5 2 33 55 100 0 0 
91600 3000 100 0 0 0 0 0 2 2 0 32 59 100 0 0 
91700 3000 100 0 0 0 0 0 8 8 1 12 54 100 0 0 
91800 3000 100 0 0 0 0 0 9 9 4 17 60 100 0 0 
91900 3000 100 0 0 0 0 0 5 5 1 19 56 100 0 0 
92000 3000 100 0 0 0 0 0 6 6 2 30 53 100 0 0 
92100 3000 100 0 0 0 0 0 3 3 3 25 57 100 0 0 
92200 3000 100 0 0 0 0 0 3 3 1 21 55 100 0 0 
92300 3000 100 0 0 0 0 0 3 3 1 21 57 100 0 0 
92400 3000 100 0 0 0 0 0 6 6 1 32 57 100 0 0 
92500 3000 100 0 0 0 0 0 2 2 0 20 55 100 0 0 
92600 3000 100 0 0 0 0 0 6 6 1 26 59 100 0 0 
92700 3000 100 0 0 0 0 0 9 9 3 27 50 100 0 0 
92800 3000 100 0 0 0 0 0 3 3 2 27 57 100 0 0 
92900 3000 100 0 0 0 0 0 1 1 0 26 52 100 0 0 
93000 3000 100 0 0 0 0 0 5 5 2 17 57 100 0 0 
93100 3000 100 0 0 0 0 0 6 6 1 33 59 100 0 0 
93200 3000 100 0 0 0 0 0 5 5 1 23 58 100 0 0 
93300 3000 100 0 0 0 0 0 7 7 4 31 58 100 0 0 
93400 3000 100 0 0 0 0 0 3 3 1 27 59 100 0 0 
93500 3000 100 0 0 0 0 0 6 6 1 19 62 100 0 0 
93600 2940 99 0 0 0 0 0 6 5 0 21 55 99 0 0 
93700 3000 100 0 0 0 0 0 2 2 0 20 57 100 0 0 
93800 3000 100 0 0 0 0 0 7 7 2 19 56 100 0 0 
93900 3000 100 0 0 0 0 0 3 3 1 29 57 100 0 0 
94000 3000 100 0 0 0 0 0 4 4 2 29 52 100 0 0 
94100 3000 100 0 0 0 0 0 7 7 3 17 51 100 0 0 
94200 3000 100 0 0 0 0 0 5 5 2 18 64 100 0 0 
94300 3000 100 0 0 0 0 0 1 1 0 27 57 100 0 0 
94400 3000 100 0 0 0 0 0 3 3 1 25 55 100 0 0 
94500 3000 100 0 0 0 0 0 9 9 2 26 56 100 0 0 
94600 2970 100 0 0 0 0 0 6 5 3 24 54 100 0 0 
94700 3000 100 0 0 0 0 0 1 1 0 29 56 100 0 0 
94800 3000 100 0 0 0 0 0 10 10 3 32 57 100 0 0 
94900 2970 99 0 0 0 0 0 2 2 0 31 58 99 0 0 
95000 3000 100 0 0 0 0 0 2 2 1 30 57 100 0 0 
95100 2970 99 0 0 0 0 0 2 2 0 25 55 99 0 0 
95200 3000 100 0 0 0 0 0 2 2 0 18 55 100 0 0 
95300 2940 98 0 0 0 0 0 2 2 0 25 59 98 0 0 
95400 3000 100 0 0 0 0 0 4 4 2 35 54 100 0 0 
95500 3000 100 0 0 0 0 0 9 9 3 29 54 100 0 0 
95600 3000 100 0 0 0 0 0 3 3 1 23 56 100 0 0 
95700 3000 100 0 0 0 0 0 4 4 2 22 58 100 0 0 
95800 3000 100 0 0 0 0 0 1 1 1 22 62 100 0 0 
95900 2970 99 0 0 0 0 0 3 3 0 20 55 99 0 0 
96000 2970 99 0 0 0 0 0 8 8 1 18 53 99 0 0 
96100 3000 100 0 0 0 0 0 2 2 1 32 55 100 0 0 
96200 3000 100 0 0 0 0 0 5 5 2 25 58 100 0 0 
96300 3000 100 0 0 0 0 0 5 5 1 24 60 100 0 0 
96400 3000 100 0 0 0 0 0 6 6 0 33 56 100 0 0 
96500 3000 100 0 0 0 0 0 9 9 4 29 61 100 0 0 
96600 3000 100 0 0 0 0 0 4 4 2 31 57 100 0 0 
96700 3000 100 0 0 0 0 0 4 4 0 26 59 100 0 0 
96800 3000 100 0 0 0 0 0 3 3 1 19 57 100 0 0 
96900 3000 100 0 0 0 0 0 4 4 3 29 55 100 0 0 
97000 3000 100 0 0 0 0 0 4 4 3 21 68 100 0 0 
97100 3000 100 0 0 0 0 0 8 8 2 25 54 100 0 0 
97200 3000 100 0 0 0 0 0 5 5 3 28 55 100 0 0 
97300 3000 100 0 0 0 0 0 6 6 2 26 56 100 0 0 
97400 3000 100 0 0 0 0 0 4 4 1 23 59 100 0 0 
97500 3000 100 0 0 0 0 0 5 5 0 23 56 100 0 0 
97600 3000 100 0 0 0 0 0 3 3 0 28 56 100 0 0 
97700 3000 100 0 0 0 0 0 4 4 1 28 61 100 0 0 
97800 3000 100 0 0 0 0 0 6 6 3 22 60 100 0 0 
97900 3000 100 0 0 0 0 0 10 10 3 22 63 100 0 0 
98000 2970 100 0 0 0 0 0 5 4 0 18 57 100 0 0 
98100 3000 100 0 0 0 0 0 2 2 1 23 61 100 0 0 
98200 2970 99 0 0 0 0 0 1 1 1 29 54 99 0 0 
98300 3000 100 0 0 0 0 0 4 4 2 28 58 100 0 0 
98400 3000 100 0 0 0 0 0 4 4 1 26 53 100 0 0 
98500 3000 100 0 0 0 0 0 1 1 0 29 56 100 0 0 
98600 3000 100 0 0 0 0 0 2 2 0 31 63 100 0 0 
98700 3000 100 0 0 0 0 0 6 6 4 35 58 100 0 0 
98800 3000 100 0 0 0 0 0 3 3 0 24 62 100 0 0 
98900 3000 100 0 0 0 0 0 6 6 1 24 56 100 0 0 
99000 3000 100 0 0 0 0 0 4 4 1 20 58 100 0 0 
99100 3000 100 0 0 0 0 0 6 6 3 29 61 100 0 0 
99200 3000 100 0 0 0 0 0 8 8 2 17 53 100 0 0 
99300 2970 99 0 0 0 0 0 7 7 1 30 57 99 0 0 
99400 3000 100 0 0 0 0 0 5 5 2 25 55 100 0 0 
99500 3000 100 0 0 0 0 0 9 9 3 27 59 100 0 0 
99600 3000 100 0 0 0 0 0 2 2 2 21 56 100 0 0 
99700 3000 100 0 0 0 0 0 5 5 1 28 56 100 0 0 
99800 3000 100 0 0 0 0 0 7 7 2 21 56 100 0 0 
99900 3000 100 0 0 0 0 0 7 7 0 14 59 100 0 0 
100000 3000 100 0 0 0 0 0 3 3 0 21 60 100 0 0 
