# Avida Dominant Data
# Thu Jan 31 20:05:34 2019
#  1: Update
#  2: Average Merit of the Dominant Genotype
#  3: Average Gestation Time of the Dominant Genotype
#  4: Average Fitness of the Dominant Genotype
#  5: Repro Rate?
#  6: Size of Dominant Genotype
#  7: Copied Size of Dominant Genotype
#  8: Executed Size of Dominant Genotype
#  9: Abundance of Dominant Genotype
# 10: Number of Births
# 11: Number of Dominant Breed True?
# 12: Dominant Gene Depth
# 13: Dominant Breed In
# 14: Max Fitness?
# 15: Genotype ID of Dominant Genotype
# 16: Name of the Dominant Genotype

0 0 0 0 0 100 0 0 1 0 0 0 0 2.22507e-308 1 100-aaaaa 
100 97 389 0.249357 0.00257069 100 100 0 9 0 0 0 0 0.249357 1 100-aaaaa 
200 97 388 0.25 0.00257732 100 100 0 3 0 0 3 0 0.25 96 100-aaaah 
300 97 387 0.250646 0.00258398 100 100 0 4 0 0 4 0 0.250646 325 100-aaaax 
400 96 383 0.250653 0.00261097 99 99.375 0 4 0 0 5 0 0.250653 739 099-aaaal 
500 96 377 0.254642 0.00265252 99 99.1818 0 4 3 2 7 0 0.254642 1021 099-aaaar 
600 97 387 0.250646 0.00258398 101 101 0 3 0 0 11 0 0.250646 1411 101-aaaat 
700 96 372 0.258065 0.00268817 99 99 0 4 1 1 13 0 0.258065 1659 099-aaaaw 
800 94 379 0.248021 0.00263852 101 101 0 5 0 0 14 0 0.248021 2002 101-aaabb 
900 88 368 0.23913 0.00271739 98 98 0 6 0 0 10 0 0.23913 2332 098-aaaaj 
1000 93 369 0.252033 0.00271003 100 100 0 4 0 0 16 0 0.252033 2516 100-aaacq 
1100 93 379 0.245383 0.00263852 101 101 0 3 0 0 14 0 0.245383 2656 101-aaabo 
1200 97 371 0.261456 0.00269542 101 101 0 3 1 1 21 0 0.261456 3053 101-aaabu 
1300 94 373 0.252011 0.00268097 101 101 0 4 0 0 16 0 0.252011 2893 101-aaabp 
1400 98 384 0.255208 0.00260417 102 102 0 4 0 0 26 0 0.255208 3909 102-aaaat 
1500 92 344 0.267442 0.00290698 96 96 0 5 0 0 28 0 0.267442 3870 096-aaaaf 
1600 91 340 0.267647 0.00294118 95 95 0 3 0 0 31 0 0.267647 4388 095-aaaaf 
1700 97 376 0.257979 0.00265957 101 101 0 3 0 0 31 0 0.257979 4663 101-aaact 
1800 99 374 0.264706 0.0026738 103 103 0 4 1 0 31 0 0.264706 4984 103-aaaaf 
1900 94 368 0.255435 0.00271739 100 100 0 5 0 0 30 0 0.255435 5139 100-aaaea 
2000 96 377 0.254642 0.00265252 103 103 0 4 0 0 32 0 0.254642 5642 103-aaaao 
2100 99 375 0.264 0.00266667 103 103 0 4 0 0 39 0 0.264 5869 103-aaaau 
2200 91 337 0.27003 0.00296736 95 95 0 5 0 0 41 0 0.27003 6036 095-aaabs 
2300 91 340 0.267647 0.00294118 95 95 0 3 0 0 45 0 0.267647 6153 095-aaaca 
2400 91 338 0.269231 0.00295858 95 95 0 5 1 1 46 0 0.269231 6799 095-aaacr 
2500 88 337 0.261128 0.00296736 94 94.0667 0 4 0 0 48 0 0.261128 6886 094-aaaai 
2600 89 338 0.263314 0.00295858 94 94 0 4 1 0 52 0 0.263314 7448 094-aaaas 
2700 91 334 0.272455 0.00299401 95 95 0 4 1 1 50 0 0.272455 7778 095-aaadt 
2800 90 328 0.27439 0.00304878 94 94.2727 0 3 0 0 50 0 0.27439 7987 094-aaabb 
2900 94 347 0.270893 0.00288184 97 97 0 3 1 0 49 0 0.270893 8127 097-aaabe 
3000 93 345 0.269565 0.00289855 97 97 0 4 0 0 51 0 0.269565 8729 097-aaabm 
3100 89 342 0.260234 0.00292398 95 95 0 5 1 0 64 0 0.260234 8891 095-aaaej 
3200 94 344 0.273256 0.00290698 97 97 0 3 0 0 63 0 0.273256 9092 097-aaabq 
3300 94 343 0.274052 0.00291545 97 97 0 4 0 0 64 0 0.274052 9621 097-aaaby 
3400 94 343 0.274052 0.00291545 97 97 0 4 0 0 64 0 0.274052 9621 097-aaaby 
3500 93 346 0.268786 0.00289017 98 98 0 7 2 1 73 0 0.268786 10068 098-aaaay 
3600 90 332 0.271084 0.00301205 95 95 0 4 0 0 76 0 0.271084 10558 095-aaafl 
3700 90 334 0.269461 0.00299401 96 96 0 3 0 0 71 0 0.269461 10472 096-aaaeq 
3800 87 327 0.266055 0.0030581 95 95 0 4 1 1 76 0 0.266055 11185 095-aaafu 
3900 87 332 0.262048 0.00301205 93 93 0 3 0 0 82 0 0.262048 11445 093-aaaaq 
4000 89 339 0.262537 0.00294985 95 94.96 0 6 0 0 83 0 0.262537 11632 095-aaafy 
4100 89 338 0.263314 0.00295858 95 95 0 5 0 0 85 0 0.263314 12145 095-aaage 
4200 90 332 0.271084 0.00301205 96 96 0 6 2 2 82 0 0.271084 12118 096-aaafw 
4300 90 328 0.27439 0.00304878 95 95 0 4 2 2 82 0 0.27439 12409 095-aaagg 
4400 91 346 0.263006 0.00289017 98 98 0 6 0 0 90 0 0.263006 13029 098-aaacr 
4500 178 335 0.531343 0.00298507 96 96 0 5 0 0 92 0 0.531343 13366 096-aaahm 
4600 176 336 0.52381 0.00297619 97 97 0 7 1 1 98 0 0.52381 13710 097-aaadl 
4700 178 337 0.52819 0.00296736 96 96 0 4 0 0 98 0 0.52819 13957 096-aaaik 
4800 368 343 1.07289 0.00291545 97 97 0 3 2 1 101 0 1.07289 14356 097-aaaec 
4900 368 343 1.07289 0.00291545 97 97 0 4 1 0 102 0 1.07289 14346 097-aaaea 
5000 364 336 1.08333 0.00297619 96 96 0 4 1 1 105 0 1.08333 14683 096-aaajg 
5100 360 343 1.04956 0.00291545 96 96 0 6 0 0 108 0 1.04956 15104 096-aaajo 
5200 364 343 1.06122 0.00291545 96 96 0 5 0 0 108 0 1.06122 15480 096-aaajv 
5300 364 341 1.06745 0.00293255 96 96 0 4 1 0 109 0 1.06745 15781 096-aaakh 
5400 368 346 1.06358 0.00289017 97 97 0 5 0 0 113 0 1.06358 16095 097-aaaga 
5500 356 340 1.04706 0.00294118 96 96 0 4 0 0 114 0 1.04706 16170 096-aaakw 
5600 720 336 2.14286 0.00297619 96 96.2143 0 6 0 0 116 0 2.14286 16799 096-aaalc 
5700 712 337 2.11276 0.00296736 97 97 0 5 1 0 119 0 2.11276 16964 097-aaagy 
5800 736 343 2.14577 0.00291545 98 98 0 4 1 0 125 0 2.14577 17274 098-aaael 
5900 768 364 2.10989 0.00274725 101 100.857 0 4 0 0 123 0 2.10989 17621 101-aaadn 
6000 752 356 2.11236 0.00280899 99 99.25 0 4 0 0 123 0 2.11236 17942 099-aaadd 
6100 760 349 2.17765 0.00286533 98 98.1429 0 4 2 1 128 0 2.17765 18188 098-aaafg 
6200 728 339 2.14749 0.00294985 97 97 0 4 0 0 130 0 2.14749 18539 097-aaahv 
6300 768 362 2.12155 0.00276243 101 101 0 7 0 0 138 0 2.12155 18763 101-aaadq 
6400 744 351 2.11966 0.002849 98 98 0 4 1 0 140 0 2.11966 19297 098-aaaga 
6500 1408 341 4.12903 0.00293255 96 96.5 0 4 0 0 133 0 4.12903 19642 096-aaama 
6600 728 347 2.09798 0.00288184 97 97 0 4 0 0 137 0 2.09798 19696 097-aaaim 
6700 728 347 2.09798 0.00288184 97 97 0 5 0 0 137 0 2.09798 19696 097-aaaim 
6800 1462.4 353.4 4.13806 0.00282966 99 99 0 5 0 0 142 0 4.15819 20449 099-aaaei 
6900 1444.57 345.286 4.18368 0.00289616 96 96 0 6 0 0 146 0 4.20809 20743 096-aaamq 
7000 1392 337 4.13056 0.00296736 95 95 0 5 0 0 141 0 4.13056 20985 095-aaail 
7100 1446.91 345.432 4.18867 0.00289493 96 96 0 7 3 1 148 0 4.20809 21169 096-aaamy 
7200 1408 341 4.12903 0.00293255 95 95 0 3 0 0 146 0 4.12903 21562 095-aaajc 
7300 1408 335 4.20299 0.00298507 93 93 0 4 3 2 149 0 4.20299 21964 093-aaabl 
7400 1328 325 4.08615 0.00307692 92 92 0 4 0 0 152 0 4.08615 22322 092-aaaad 
7500 1408 340 4.14118 0.00294118 96 95.875 0 5 3 1 149 0 4.14118 22362 096-aaano 
7600 1408 339 4.15339 0.00294985 96 96 0 6 0 0 152 0 4.15339 22955 096-aaaof 
7700 1424 335 4.25075 0.00298507 94 93.8214 0 4 0 0 153 0 4.25075 22877 094-aaaek 
7800 1328 324 4.09877 0.00308642 92 92 0 5 1 1 157 0 4.09877 23449 092-aaaas 
7900 1408 337 4.17804 0.00296736 94 94 0 3 0 0 157 0 4.17804 23957 094-aaafe 
8000 1440 336 4.28571 0.00297619 94 94 0 7 1 1 156 0 4.28571 23846 094-aaaff 
8100 1440 336 4.28571 0.00297619 94 94 0 3 0 0 156 0 4.28571 23846 094-aaaff 
8200 1360 335 4.0597 0.00298507 95 95 0 9 0 0 160 0 4.0597 24584 095-aaaju 
8300 1408 333 4.22823 0.003003 93 93 0 7 0 0 163 0 4.22823 24805 093-aaadu 
8400 340 336 1.0119 0.00297619 95 95 0 3 0 0 163 0 1.0119 25262 095-aaakb 
8500 1392 335 4.15522 0.00298507 93 93.1034 0 4 2 1 167 0 4.15522 25482 093-aaael 
8600 2688 329 8.17021 0.00303951 92 92 0 4 0 0 174 0 8.17021 26130 092-aaaca 
8700 1392 326 4.26994 0.00306748 91 91 0 4 0 0 167 0 4.26994 26094 091-aaaba 
8800 2720 329 8.26748 0.00303951 92 92 0 5 0 0 176 0 8.26748 26523 092-aaacv 
8900 21248 319 66.6082 0.0031348 90 90 0 5 0 0 183 0 66.6082 26933 090-aaaaj 
9000 21248 319 66.6082 0.0031348 90 90 0 7 0 0 183 0 66.6082 26860 090-aaaai 
9100 21504 323 66.5759 0.00309598 91 90.6667 0 5 2 1 185 0 66.5759 27632 091-aaabq 
9200 21760 327 66.5443 0.0030581 91 91 0 6 3 2 186 0 66.5443 27649 091-aaabu 
9300 21760 327 66.5443 0.0030581 91 91 0 7 0 0 186 0 66.5443 27649 091-aaabu 
9400 21760 323 67.3684 0.00309598 92 92 0 3 1 0 189 0 67.3684 28487 092-aaaek 
9500 20992 317 66.2208 0.00315457 88 88 0 8 0 0 191 0 66.2208 28481 088-aaaae 
9600 20736 332 62.4578 0.00301205 94 94 0 6 0 0 199 0 62.4578 29069 094-aaahh 
9700 22272 332 67.0843 0.00301205 94 94 0 5 1 1 195 0 67.0843 29273 094-aaahk 
9800 21421.6 322.644 66.3954 0.00309942 90 90 0 7 3 2 193 0 66.7826 29525 090-aaabr 
9900 21686.2 323.577 67.0216 0.00309048 90 90 0 7 0 0 197 0 67.3684 29935 090-aaabz 
10000 21248 317 67.0284 0.00315457 89 89 0 4 2 2 196 0 67.0284 29672 089-aaaal 
10100 21760 328 66.3415 0.00304878 93 93.0789 0 7 0 0 205 0 66.3415 30548 093-aaagl 
10200 21248 317 67.0284 0.00315457 89 89 0 7 0 0 197 0 67.0284 30826 089-aaaat 
10300 22528 340 66.2588 0.00294118 96 95.8952 0 6 0 0 207 0 66.2588 30738 096-aaaon 
10400 21504 323 66.5759 0.00309598 90 90 0 4 0 0 202 0 66.5759 31689 090-aaacf 
10500 21430.2 319.576 67.0598 0.00312917 89 89 0 7 1 0 204 0 67.4107 31829 089-aaabh 
10600 21248 318 66.8176 0.00314465 89 88.9118 0 4 0 0 204 0 66.8176 32148 089-aaabj 
10700 22272 334 66.6826 0.00299401 93 93 0 5 1 1 212 0 66.6826 32355 093-aaahf 
10800 21760 330 65.9394 0.0030303 92 92 0 5 0 0 212 0 65.9394 32612 092-aaafe 
10900 21248 311 68.3215 0.00321543 87 87.25 0 6 3 1 205 0 68.3215 33270 087-aaaai 
11000 22016 330 66.7152 0.0030303 92 92 0 4 0 0 217 0 66.7152 33649 092-aaagb 
11100 20992 315 66.6413 0.0031746 88 88 0 5 1 0 211 0 66.6413 33742 088-aaacc 
11200 22272 332 67.0843 0.00301205 93 93 0 5 0 0 222 0 67.0843 33581 093-aaahn 
11300 22272 330 67.4909 0.0030303 93 92.8947 0 5 0 0 226 0 67.4909 34434 093-aaahs 
11400 22528 423 53.2577 0.00236407 94 94 0 4 0 0 225 0 53.2577 34950 094-aaakd 
11500 22016 332 66.3133 0.00301205 92 92 0 6 0 0 225 0 66.3133 35042 092-aaahu 
11600 21504 332 64.7711 0.00301205 92 92 0 6 2 0 225 0 64.7711 35591 092-aaaip 
11700 22528 333 67.6517 0.003003 93 93 0 8 1 1 229 0 67.6517 35866 093-aaaiq 
11800 22528 333 67.6517 0.003003 93 93 0 9 0 0 230 0 67.6517 36086 093-aaaiu 
11900 22016 329 66.9179 0.00303951 92 92 0 5 0 0 239 0 66.9179 36511 092-aaajk 
12000 22528 333 67.6517 0.003003 93 93 0 3 0 0 232 0 67.6517 36541 093-aaajg 
12100 22016 329 66.9179 0.00303951 92 92 0 4 0 0 241 0 66.9179 37086 092-aaajw 
12200 22272 341 65.3138 0.00293255 94 94 0 8 2 1 235 0 65.3138 37273 094-aaali 
12300 23040 343 67.172 0.00291545 94 94 0 5 0 0 238 0 67.172 37495 094-aaaln 
12400 22784 341 66.8152 0.00293255 94 94 0 4 0 0 241 0 66.8152 38017 094-aaalz 
12500 23040 340 67.7647 0.00294118 94 94 0 4 0 0 242 0 67.7647 38279 094-aaamg 
12600 22784 340 67.0118 0.00294118 94 94 0 6 1 1 242 0 67.0118 38526 094-aaamp 
12700 22784 341 66.8152 0.00293255 94 93.6364 0 5 0 0 245 0 66.8152 39062 094-aaanh 
12800 23040 345 66.7826 0.00289855 95 94.7895 0 4 0 0 243 0 66.7826 39312 095-aaamk 
12900 23296 340 68.5176 0.00294118 95 95 0 3 0 0 248 0 68.5176 39705 095-aaamr 
13000 22016 337 65.3294 0.00296736 93 92.7857 0 4 1 0 246 0 65.3294 39950 093-aaala 
13100 22528 341 66.0645 0.00293255 94 93.8667 0 4 1 0 249 0 66.0645 40017 094-aaany 
13200 22784 334 68.2156 0.00299401 93 93.5 0 4 0 0 252 0 68.2156 40719 093-aaalq 
13300 23040 338 68.1657 0.00295858 94 94 0 4 2 1 254 0 68.1657 40810 094-aaaon 
13400 23040 338 68.1657 0.00295858 94 94 0 10 1 0 254 0 68.1657 40810 094-aaaon 
13500 23040 338 68.1657 0.00295858 94 94 0 6 0 0 255 0 68.1657 41578 094-aaapm 
13600 22272 332 67.0843 0.00301205 94 94 0 3 0 0 260 0 67.0843 41791 094-aaapy 
13700 22272 329 67.696 0.00303951 91 91 0 5 0 0 260 0 67.696 42196 091-aaafc 
13800 22272 333 66.8829 0.003003 94 94 0 3 1 0 263 0 66.8829 42120 094-aaaqg 
13900 46592 427 109.115 0.00234192 94 94 0 4 0 0 264 0 109.115 42816 094-aaarb 
14000 46592 427 109.115 0.00234192 94 94.6667 0 4 0 0 261 0 109.115 43116 094-aaarn 
14100 46080 335 137.552 0.00298507 93 93 0 7 0 0 268 0 137.552 43164 093-aaana 
14200 46592 427 109.115 0.00234192 94 94 0 4 2 2 269 0 109.115 43622 094-aaasb 
14300 46080 337 136.736 0.00296736 93 93 0 4 0 0 272 0 136.736 44051 093-aaaob 
14400 47104 342 137.731 0.00292398 95 94.7059 0 7 1 1 270 0 137.731 44192 095-aaanl 
14500 46485.3 435.792 106.668 0.00229468 94 94 0 4 0 0 266 0 106.862 44460 094-aaasx 
14600 46387.2 336.6 137.81 0.00297089 93 93 0 4 0 0 276 0 138.255 44960 093-aaapa 
14700 45568 337 135.217 0.00296736 92 92 0 4 0 0 276 0 135.217 45216 092-aaalu 
14800 45568 332 137.253 0.00301205 92 92 0 5 0 0 276 0 137.253 45272 092-aaalw 
14900 45056 331 136.121 0.00302115 92 92 0 6 0 0 284 0 136.121 45862 092-aaamm 
15000 45056 331 136.121 0.00302115 92 92 0 6 0 0 284 0 136.121 45862 092-aaamm 
15100 45056 335 134.496 0.00298507 92 92 0 5 0 0 284 0 134.496 45789 092-aaamr 
15200 44544 325 137.058 0.00307692 90 90 0 4 0 0 285 0 137.058 46713 090-aaade 
15300 44544 325 137.058 0.00307692 90 90 0 5 0 0 285 0 137.058 46713 090-aaade 
15400 46592 338 137.846 0.00295858 93 92.8889 0 5 0 0 285 0 137.846 47185 093-aaaqo 
15500 46080 335 137.552 0.00298507 93 93 0 6 0 0 287 0 137.552 47608 093-aaaqz 
15600 45056 328 137.366 0.00304878 92 92 0 5 0 0 296 0 137.366 47898 092-aaaov 
15700 47104 342 137.731 0.00292398 94 93.9375 0 6 0 0 290 0 137.731 48270 094-aaaue 
15800 45568 330 138.085 0.0030303 92 92 0 4 1 1 292 0 138.085 48664 092-aaapu 
15900 45568 332 137.253 0.00301205 92 92 0 5 0 0 301 0 137.253 48979 092-aaaqg 
16000 46080 332 138.795 0.00301205 92 92 0 6 1 1 294 0 138.795 48992 092-aaaqh 
16100 45568 329 138.505 0.00303951 92 92 0 6 0 0 299 0 138.505 49686 092-aaarb 
16200 46592 337 138.255 0.00296736 93 93 0 5 0 0 297 0 138.255 49693 093-aaarz 
16300 45568 330 138.085 0.0030303 92 92 0 6 1 1 300 0 138.085 50153 092-aaasc 
16400 45056 328 137.366 0.00304878 91 91 0 4 1 1 304 0 137.366 50615 091-aaaht 
16500 46080 336 137.143 0.00297619 92 92 0 7 0 0 305 0 137.143 50612 092-aaasw 
16600 46592 343 135.837 0.00291545 93 93 0 5 0 0 309 0 135.837 51228 093-aaasl 
16700 47104 347 135.746 0.00288184 94 94 0 6 0 0 311 0 135.746 51436 094-aaaui 
16800 43008 315 136.533 0.0031746 87 87 0 5 0 0 311 0 136.533 51599 087-aaaax 
16900 47104 347 135.746 0.00288184 94 94 0 6 0 0 317 0 135.746 51936 094-aaaup 
17000 47104 346 136.139 0.00289017 95 95 0 5 0 0 319 0 136.139 52364 095-aaaoe 
17100 47616 348 136.828 0.00287356 95 95 0 5 0 0 322 0 136.828 52731 095-aaaol 
17200 46592 349 133.501 0.00286533 93 93 0 4 0 0 318 0 133.501 53051 093-aaatg 
17300 44544 328 135.805 0.00304878 91 91 0 6 0 0 313 0 135.805 53092 091-aaaiv 
17400 47342.9 354.467 133.56 0.00282115 96 95.9333 0 5 2 1 326 0 134.13 53749 096-aaaqe 
17500 46080 343 134.344 0.00291545 93 93.1724 0 7 0 0 324 0 134.344 53784 093-aaatl 
17600 47616 347 137.222 0.00288184 95 95 0 4 1 0 330 0 137.222 54041 095-aaapo 
17700 47375.1 354.529 133.627 0.00282065 96 96 0 5 0 0 327 0 134.13 54495 096-aaaqo 
17800 46834.5 348.474 134.398 0.00286966 95 95 0 4 0 0 332 0 134.968 54515 095-aaaqc 
17900 46694.4 349.2 133.718 0.00286369 95 95 0 7 2 2 333 0 134.583 55272 095-aaaqu 
18000 46592 347 134.271 0.00288184 95 95 0 4 0 0 337 0 134.271 55573 095-aaaqy 
18100 47786.7 358.333 133.357 0.0027907 97 97 0 3 0 0 339 0 134.061 55855 097-aaakp 
18200 46592 347 134.271 0.00288184 95 95 0 4 0 0 336 0 134.271 55544 095-aaaqx 
18300 48640 365 133.26 0.00273973 98 98 0 4 2 1 347 0 133.26 56668 098-aaagx 
18400 48640 365 133.26 0.00273973 98 98 0 5 1 0 349 0 133.26 56875 098-aaagy 
18500 15776 341 46.2639 0.00293255 92 92 0 4 0 0 345 0 130.628 57296 092-aaave 
18600 45568 353 129.085 0.00283288 97 96.7353 0 4 0 0 344 0 130.169 57312 097-aaakz 
18700 45747.2 345.35 132.465 0.00289562 94 94 0 6 0 0 341 0 133.179 57197 094-aaawq 
18800 45568 348 130.939 0.00287359 95 95 0 7 0 0 346 0 132.034 57819 095-aaash 
18900 45568 345 132.081 0.00289855 93 93 0 5 0 0 348 0 132.081 58435 093-aaauy 
19000 45533.9 347.933 130.866 0.00287414 95 95 0 4 0 0 348 0 132.034 58637 095-aaatd 
19100 46592 356 130.876 0.00280899 97 97 0 4 0 0 353 0 130.876 58942 097-aaalf 
19200 45568 349 130.564 0.00286535 95 95 0 4 0 0 349 0 131.657 59223 095-aaatr 
19300 45696 357.25 127.91 0.00279916 97 97 0 6 1 1 355 0 128.715 59396 097-aaalm 
19400 44544 339 131.398 0.00294985 92 92 0 4 0 0 355 0 131.398 59965 092-aaavp 
19500 46080 348 132.414 0.00287356 93 93 0 5 1 1 352 0 132.414 59790 093-aaavl 
19600 44544 342 130.246 0.00292398 92 92 0 10 0 0 358 0 130.246 60471 092-aaavt 
19700 44544 342 130.246 0.00292398 92 92 0 6 2 2 358 0 130.246 60471 092-aaavt 
19800 46080 346 133.179 0.00289017 93 93 0 5 1 1 355 0 133.179 60957 093-aaawf 
19900 46592 357 130.51 0.00280112 97 97 0 8 2 2 363 0 130.51 61196 097-aaaml 
20000 44544 359 124.078 0.00278552 97 97 0 7 0 0 364 0 124.078 61610 097-aaamv 
20100 45568 356 128 0.00280899 96 96 0 4 1 0 363 0 128 62003 096-aaatc 
20200 44032 340 129.506 0.00294118 92 92 0 4 0 0 363 0 129.506 62204 092-aaawj 
20300 45805.7 353.464 129.59 0.00282915 95 95 0 7 0 0 368 0 130.169 62489 095-aaauo 
20400 46592 356 130.876 0.00280899 97 97 0 4 0 0 368 0 130.876 62872 097-aaanh 
20500 44544 342 130.246 0.00292398 93 92.5 0 4 0 0 367 0 130.246 63384 093-aaaxf 
20600 44544 342 130.246 0.00292398 93 93 0 5 0 0 368 0 130.246 63553 093-aaaxg 
20700 44032 338 130.272 0.00295858 92 92 0 6 0 0 374 0 130.272 64010 092-aaaxk 
20800 45568 351 129.823 0.002849 96 96.0517 0 5 0 0 369 0 129.823 63863 096-aaatv 
20900 44032 338 130.272 0.00295858 92 92.2273 0 8 1 0 377 0 130.272 64644 092-aaayb 
21000 44032 338 130.272 0.00295858 92 92.0862 0 3 0 0 377 0 130.272 64644 092-aaayb 
21100 44032 341 129.126 0.00293255 93 93 0 4 0 0 379 0 129.126 64895 093-aaaxy 
21200 43520 332 131.084 0.00301205 92 92 0 3 1 0 381 0 131.084 65271 092-aaayv 
21300 44032 336 131.048 0.00297619 91 91 0 6 0 0 383 0 131.048 65982 091-aaalu 
21400 45568 347 131.32 0.00288184 93 92.875 0 5 0 0 380 0 131.32 66077 093-aaayf 
21500 44032 335 131.439 0.00298507 90 90.04 0 5 0 0 394 0 131.439 66376 090-aaaex 
21600 45056 346 130.22 0.00289017 93 93 0 4 0 0 383 0 130.22 66848 093-aaays 
21700 45056 346 130.22 0.00289017 93 93 0 5 0 0 384 0 130.22 67088 093-aaayv 
21800 45056 346 130.22 0.00289017 93 93 0 3 0 0 384 0 130.22 67088 093-aaayv 
21900 46080 351 131.282 0.002849 95 95 0 4 0 0 389 0 131.282 67634 095-aaavd 
22000 45568 349 130.567 0.00286533 94 94 0 4 0 0 390 0 130.567 68013 094-aaazt 
22100 45056 345 130.597 0.00289855 93 93 0 4 0 0 394 0 130.597 68467 093-aaazc 
22200 45056 344 130.977 0.00290698 93 93 0 4 3 2 394 0 130.977 68461 093-aaazd 
22300 44032 337 130.659 0.00296736 91 91 0 5 3 1 404 0 130.659 68869 091-aaana 
22400 44544 339 131.398 0.00294985 92 92 0 4 0 0 403 0 131.398 69309 092-aabbs 
22500 45056 337 133.697 0.00296736 92 91.5714 0 4 0 0 408 0 133.697 69749 092-aabbt 
22600 45568 354 128.723 0.00282486 95 95 0 4 1 1 400 0 128.723 70023 095-aaaxe 
22700 45056 333 135.303 0.003003 91 91.12 0 6 1 0 411 0 135.303 70202 091-aaanu 
22800 45056 338 133.302 0.00295858 91 91 0 7 2 1 409 0 133.302 70416 091-aaanw 
22900 45056 349 129.1 0.00286533 93 93 0 4 0 0 405 0 129.1 70915 093-aabae 
23000 45056 330 136.533 0.0030303 91 91 0 7 1 1 416 0 136.533 70830 091-aaaoo 
23100 45568 334 136.431 0.00299401 92 92 0 6 3 2 420 0 136.431 71471 092-aabcd 
23200 45056 333 135.303 0.003003 91 91 0 8 2 1 413 0 135.303 71140 091-aaaol 
23300 45568 334 136.431 0.00299401 92 92 0 5 0 0 421 0 136.431 72226 092-aabcn 
23400 44544 329 135.392 0.00303951 90 90.0588 0 7 0 0 415 0 135.392 72229 090-aaagk 
23500 44192 329.313 134.194 0.00303664 91 91 0 5 0 0 427 0 134.982 72721 091-aaaqh 
23600 45226.7 333.333 135.679 0.00300001 92 92 0 6 0 0 424 0 136.431 73088 092-aabdh 
23700 45189.6 333.261 135.598 0.00300066 92 92 0 6 0 0 425 0 136.431 73309 092-aabdl 
23800 45206.6 336.294 134.425 0.00297359 92 92 0 7 3 2 426 0 135.217 73689 092-aabdx 
23900 43163.8 322.304 133.922 0.00310266 89 89.0435 0 7 0 0 431 0 134.737 73978 089-aaadj 
24000 44032 330 133.43 0.0030303 90 90.4444 0 4 1 0 423 0 133.43 74414 090-aaahp 
24100 44288 332.5 133.196 0.00300753 91 90.7778 0 6 4 1 426 0 133.766 74401 091-aaarw 
24200 44544 334 133.365 0.00299401 91 91 0 6 0 0 422 0 133.365 74054 091-aaarm 
24300 43008 323 133.152 0.00309598 89 89 0 7 0 0 431 0 133.152 75345 089-aaadr 
24400 45056 338 133.302 0.00295858 92 92 0 7 0 0 424 0 133.302 75455 092-aabeo 
24500 44032 326 135.067 0.00306748 89 89 0 8 1 0 434 0 135.067 75768 089-aaaee 
24600 43008 326 131.926 0.00306748 89 89 0 4 0 0 433 0 131.926 76274 089-aaaeu 
24700 43520 327 133.089 0.0030581 90 90 0 6 0 0 436 0 133.089 76493 090-aaajd 
24800 43008 326 131.926 0.00306748 89 89 0 5 0 0 437 0 131.926 76673 089-aaafk 
24900 42496 323 131.567 0.00309598 89 89 0 5 2 1 442 0 131.567 77238 089-aaagb 
25000 42496 325 130.757 0.00307692 89 89 0 6 1 0 440 0 130.757 77569 089-aaagh 
25100 43008 327 131.523 0.0030581 90 89.9643 0 4 0 0 443 0 131.523 77499 090-aaajx 
25200 42765.5 323.526 132.185 0.00309095 88 88 0 5 0 0 443 0 132.741 78159 088-aaadx 
25300 41472 309 134.214 0.00323625 86 86 0 6 1 0 446 0 134.214 78635 086-aaaaf 
25400 42496 319 133.216 0.0031348 88 88 0 7 0 0 447 0 133.216 78867 088-aaael 
25500 41472 312 132.923 0.00320513 86 86 0 6 0 0 446 0 132.923 79198 086-aaaaj 
25600 41472 312 132.923 0.00320513 86 86 0 7 0 0 446 0 132.923 79198 086-aaaaj 
25700 42752 324.5 131.746 0.00308167 89 89 0 6 0 0 456 0 132.332 79757 089-aaahn 
25800 43008 320 134.4 0.003125 88 88 0 5 0 0 452 0 134.4 79689 088-aaafe 
25900 43008 318 135.245 0.00314465 88 88 0 5 0 0 455 0 135.245 80299 088-aaafq 
26000 43520 322 135.155 0.00310559 88 88 0 5 0 0 461 0 135.155 80733 088-aaafx 
26100 43008 320 134.4 0.003125 88 88 0 7 2 1 458 0 134.4 80815 088-aaafz 
26200 43008 320 134.4 0.003125 88 88 0 9 0 0 458 0 134.4 80815 088-aaafz 
26300 44171.6 338 130.685 0.00295858 93 93 0 4 3 2 465 0 131.787 81749 093-aabby 
26400 43520 320 136 0.003125 88 88.1429 0 6 4 1 460 0 136 82005 088-aaagy 
26500 45056 340 132.518 0.00294118 92 92 0 4 0 0 471 0 132.518 82516 092-aabgn 
26600 45568 344 132.465 0.00290698 93 92.6757 0 8 0 0 472 0 132.465 82365 093-aabcg 
26700 44032 329 133.836 0.00303951 90 90.0417 0 7 3 1 467 0 133.836 82944 090-aaaky 
26800 43520 319 136.426 0.0031348 88 88 0 5 0 0 464 0 136.426 83215 088-aaahm 
26900 43520 319 136.426 0.0031348 88 88 0 4 0 0 466 0 136.426 83664 088-aaahp 
27000 45568 341 133.63 0.00293255 94 94 0 5 2 1 482 0 133.63 83882 094-aabch 
27100 44544 337 132.178 0.00296736 93 93 0 5 0 0 482 0 132.178 84413 093-aabdn 
27200 46080 281 163.986 0.00355872 93 93 0 5 0 0 487 0 163.986 84431 093-aabdp 
27300 46080 281 163.986 0.00355872 93 93 0 5 1 1 489 0 163.986 85052 093-aabep 
27400 43008 314 136.968 0.00318471 87 87 0 4 1 0 469 0 136.968 85100 087-aaade 
27500 46592 346 134.659 0.00289017 94 94 0 5 0 0 485 0 134.659 85481 094-aabcy 
27600 46080 343 134.344 0.00291545 93 93 0 4 3 2 487 0 134.344 85964 093-aabfh 
27700 47616 356 133.753 0.00280899 96 96 0 6 1 0 491 0 133.753 86035 096-aaauq 
27800 48128 358 134.436 0.0027933 97 97 0 4 0 0 491 0 134.436 86581 097-aaanv 
27900 46080 343 134.344 0.00291545 93 93 0 7 2 1 491 0 134.344 86568 093-aabft 
28000 45056 335 134.496 0.00298507 91 91 0 5 0 0 495 0 134.496 86927 091-aaatz 
28100 46080 346 133.179 0.00289017 93 93 0 5 0 0 490 0 133.179 86983 093-aabgd 
28200 44032 330 133.43 0.0030303 91 91.1667 0 4 0 0 495 0 133.43 87497 091-aaaug 
28300 47616 357 133.378 0.00280112 98 98 0 8 0 0 499 0 133.378 87789 098-aaaif 
28400 47616 357 133.378 0.00280112 98 98 0 5 0 0 501 0 133.378 88309 098-aaaio 
28500 48128 357 134.812 0.00280112 96 95.5 0 5 0 0 499 0 134.812 88710 096-aaauy 
28600 45056 337 133.697 0.00296736 92 92 0 4 0 0 499 0 133.697 88877 092-aabii 
28700 48128 357 134.812 0.00280112 96 96 0 4 0 0 500 0 134.812 88774 096-aaauz 
28800 47616 362 131.536 0.00276243 99 99 0 6 0 0 505 0 131.536 89209 099-aaafl 
28900 47616 382 124.649 0.0026178 103 103 0 4 0 0 504 0 124.649 89928 103-aaabr 
29000 48640 368 132.174 0.00271739 97 96.1667 0 3 0 0 506 0 132.174 90201 097-aaapz 
29100 47616 383 124.324 0.00261097 103 103 0 4 0 0 507 0 124.324 90532 103-aaaca 
29200 48128 359 134.061 0.00278552 96 96.1613 0 7 0 0 509 0 134.061 90656 096-aaawf 
29300 48128 359 134.061 0.00278552 96 96.0568 0 7 0 0 509 0 134.061 90656 096-aaawf 
29400 49152 361 136.155 0.00277008 97 97 0 3 0 0 512 0 136.155 91407 097-aaaqw 
29500 47104 349 134.968 0.00286533 95 95 0 5 0 0 515 0 134.968 91594 095-aaazf 
29600 49152 360 136.533 0.00277778 97 97 0 4 0 0 511 0 136.533 91604 097-aaarb 
29700 46592 357 130.51 0.00280112 97 97 0 4 0 0 516 0 130.51 92185 097-aaari 
29800 47616 352 135.273 0.00284091 94 94.2903 0 7 0 0 514 0 135.273 92425 094-aabfb 
29900 49152 363 135.405 0.00275482 98 98 0 5 0 0 517 0 135.405 92952 098-aaake 
30000 49710.5 364.091 136.533 0.00274657 98 98 0 5 0 0 514 0 137.468 93091 098-aaakl 
30100 48128 352 136.727 0.00284091 96 96.1296 0 6 0 0 521 0 136.727 93235 096-aaayc 
30200 48128 352 136.727 0.00284091 96 96 0 4 1 1 523 0 136.727 93486 096-aaaye 
30300 47616 349 136.436 0.00286533 94 94 0 3 0 0 525 0 136.436 94030 094-aabge 
30400 47616 349 136.436 0.00286533 94 94 0 5 1 0 525 0 136.436 94030 094-aabge 
30500 47616 352 135.273 0.00284091 95 95 0 3 0 0 530 0 135.273 94593 095-aabay 
30600 94208 350 269.166 0.00285714 94 94 0 5 2 1 528 0 269.166 94877 094-aabgz 
30700 95232 350 272.091 0.00285714 94 94 0 6 3 2 530 0 272.091 95224 094-aabhm 
30800 94208 349 269.937 0.00286533 93 93.125 0 5 0 0 533 0 269.937 95624 093-aabhh 
30900 95232 358 266.011 0.0027933 97 97 0 4 0 0 535 0 266.011 96016 097-aaass 
31000 95232 358 266.011 0.0027933 96 96 0 5 2 2 534 0 266.011 95989 096-aaayu 
31100 95232 347 274.444 0.00288184 93 93 0 5 0 0 537 0 274.444 96164 093-aabho 
31200 95232 353 269.779 0.00283286 94 94 0 6 0 0 535 0 269.779 96045 094-aabix 
31300 92160 344 267.907 0.00290698 92 92 0 5 0 0 541 0 267.907 96782 092-aabiq 
31400 92160 344 267.907 0.00290698 92 92 0 5 0 0 543 0 267.907 97453 092-aabjb 
31500 92160 346 266.358 0.00289017 92 92 0 5 0 0 544 0 266.358 97784 092-aabjh 
31600 91136 346 263.399 0.00289017 92 92 0 4 2 2 546 0 263.399 97959 092-aabjr 
31700 92160 346 266.358 0.00289017 92 92 0 5 0 0 546 0 266.358 98069 092-aabjs 
31800 96483.6 352.556 273.673 0.00283645 95 94.9444 0 5 0 0 549 0 277.151 98556 095-aabcm 
31900 94208 353 266.878 0.00283286 94 94 0 6 1 1 550 0 266.878 98793 094-aabkf 
32000 92160 346 266.358 0.00289017 92 92 0 7 0 0 546 0 266.358 98069 092-aabjs 
32100 94208 353 266.878 0.00283286 94 94 0 3 1 1 553 0 266.878 99606 094-aabkn 
32200 91136 341 267.261 0.00293255 91 91 0 5 1 1 553 0 267.261 99661 091-aaavh 
32300 96784.5 358.516 269.957 0.00278928 96 95.9355 0 4 0 0 555 0 270.975 99940 096-aaaze 
32400 93184 358 260.291 0.0027933 95 95 0 5 2 0 556 0 260.291 100431 095-aabdl 
32500 93184 358 260.291 0.0027933 95 95 0 8 0 0 556 0 260.291 100431 095-aabdl 
32600 92160 339 271.858 0.00294985 91 91 0 8 0 0 556 0 271.858 100918 091-aaavx 
32700 91136 359 253.861 0.00278552 96 95.9756 0 5 0 0 558 0 253.861 101123 096-aaazq 
32800 89088 337 264.356 0.00296736 89 89.1739 0 5 1 0 565 0 264.356 101558 089-aaakd 
32900 90112 341 264.258 0.00293255 90 89.7333 0 5 0 0 566 0 264.258 101957 090-aaalr 
33000 91136 345 264.162 0.00289855 92 92.5 0 5 0 0 564 0 264.162 102385 092-aabku 
33100 90112 338 266.604 0.00295858 90 90 0 7 0 0 568 0 266.604 102580 090-aaaly 
33200 90112 338 266.604 0.00295858 90 90 0 6 0 0 568 0 266.604 102580 090-aaaly 
33300 97507.6 360 270.854 0.00277778 97 97 0 4 0 0 570 0 273.067 103156 097-aaaua 
33400 92160 349 264.069 0.00286533 93 93 0 6 0 0 564 0 264.069 102987 093-aabkm 
33500 92160 349 264.069 0.00286533 93 93 0 4 2 1 565 0 264.069 103609 093-aabkt 
33600 91136 345 264.162 0.00289855 92 92.0286 0 6 0 0 567 0 264.162 103903 092-aablb 
33700 92160 366 251.803 0.00273224 99 99.3333 0 6 0 0 569 0 251.803 104487 099-aaage 
33800 91136 340 268.047 0.00294118 91 90.9189 0 5 2 2 581 0 268.047 104411 091-aaaws 
33900 97572.6 358 272.549 0.0027933 96 96 0 4 0 0 581 0 274.592 105152 096-aabao 
34000 97607.7 358 272.647 0.0027933 96 96 0 4 1 1 582 0 274.592 105093 096-aabaq 
34100 93184 348 267.77 0.00287356 93 93 0 3 0 0 585 0 267.77 105677 093-aablj 
34200 97607.7 360 271.132 0.00277778 96 96 0 5 1 0 585 0 273.067 105813 096-aabbh 
34300 97495.6 367 265.656 0.0027248 97 97 0 5 0 0 589 0 267.858 106192 097-aaavi 
34400 92160 344 267.907 0.00290698 93 93 0 5 0 0 588 0 267.907 106401 093-aablq 
34500 95488 360 265.244 0.00277778 95 95.05 0 5 0 0 594 0 267.378 106732 095-aabet 
34600 98437.6 371 265.33 0.00269542 98 97.913 0 7 2 1 590 0 267.73 107046 098-aaanc 
34700 97280 360 270.222 0.00277778 97 96.8421 0 4 2 0 592 0 270.222 107331 097-aaawe 
34800 93184 354 263.232 0.00282486 97 97 0 5 2 2 597 0 263.232 107677 097-aaaws 
34900 99328 368 269.913 0.00271739 98 97.9091 0 3 0 0 595 0 269.913 107956 098-aaanj 
35000 96360.1 352.814 273.118 0.00283436 96 96 0 6 0 0 599 0 275.581 108133 096-aabcx 
35100 99328 368 269.913 0.00271739 98 98 0 4 0 0 596 0 269.913 108743 098-aaanr 
35200 97792 360.25 271.455 0.00277585 98 97.5 0 4 0 0 603 0 273.067 109027 098-aaanu 
35300 49664 366 135.694 0.00273224 98 98 0 4 0 0 601 0 135.694 109297 098-aaaoa 
35400 97365.3 354.813 274.412 0.00281839 97 97 0 4 1 1 603 0 276.913 109094 097-aaaxz 
35500 97621.3 355 274.99 0.0028169 97 97 0 3 0 0 605 0 276.913 109999 097-aaazd 
35600 97468.1 354.837 274.683 0.0028182 97 97 0 3 0 0 605 0 276.913 109999 097-aaazd 
35700 96256 362 265.901 0.00276243 97 97 0 4 0 0 618 0 265.901 110363 097-aaazs 
35800 95524.6 352 271.377 0.00284091 96 96 0 5 0 0 613 0 273.455 110826 096-aabee 
35900 99328 370 268.454 0.0027027 98 98 0 4 1 1 611 0 268.454 110822 098-aaaox 
36000 96417.7 354.316 272.128 0.00282235 97 97.3684 0 5 0 0 614 0 274.802 111325 097-aabbc 
36100 96293.9 354.37 271.737 0.00282192 97 97 0 7 2 2 615 0 274.802 111538 097-aabbf 
36200 96256 361 266.637 0.00277008 96 96 0 4 8 7 618 1 266.637 111946 096-aabeq 
36300 95407.5 353.286 270.062 0.00283058 97 97 0 4 0 0 616 0 272.68 112012 097-aabbx 
36400 95566.4 355 269.201 0.0028169 97 97 0 4 2 1 621 0 271.144 112145 097-aabcf 
36500 94549.3 354 267.089 0.00282486 97 97 0 5 0 0 622 0 269.017 112542 097-aabcs 
36600 96436.7 359.353 268.367 0.00278279 98 98 0 4 0 0 622 0 270.975 113113 098-aaaqw 
36700 95472.9 355 268.938 0.0028169 97 97 0 7 0 0 624 0 271.144 113223 097-aabdh 
36800 99328 372 267.011 0.00268817 99 98.7333 0 8 0 0 624 0 267.011 113851 099-aaahk 
36900 94435.6 358.222 263.622 0.00279157 98 98 0 3 0 0 628 0 265.27 114110 098-aaasr 
37000 94531.4 359.316 263.086 0.00278307 98 98 0 4 0 0 629 0 264.533 114263 098-aaasw 
37100 99328 372 267.011 0.00268817 99 99 0 6 0 0 626 0 267.011 114058 099-aaahs 
37200 97280 373 260.804 0.00268097 99 99 0 6 0 0 628 0 260.804 114828 099-aaain 
37300 96597.3 360.333 268.076 0.00277521 98 98 0 6 0 0 633 0 269.474 115228 098-aaatv 
37400 95524.6 367.286 260.081 0.00272268 99 99 0 8 0 0 632 0 261.565 115404 099-aaajh 
37500 95568.2 367.328 260.17 0.00272236 99 99 0 4 0 0 632 0 261.565 115404 099-aaajh 
37600 95513.6 367.275 260.059 0.00272276 99 99 0 7 0 0 635 0 261.565 116032 099-aaajt 
37700 96256 365 263.715 0.00273973 97 97 0 2 0 0 634 0 263.715 116525 097-aabed 
37800 96256 365 263.715 0.00273973 97 97 0 6 0 0 638 0 263.715 116644 097-aabef 
37900 96000 363.25 264.286 0.00275296 98 98 0 3 1 0 640 0 265.901 117203 098-aaavn 
38000 98304 374 262.845 0.0026738 99 99 0 4 0 0 641 0 262.845 117458 099-aaakv 
38100 96256 374 257.369 0.0026738 100 100 0 5 0 0 642 0 257.369 117748 100-aaahy 
38200 97280 371 262.21 0.00269542 98 98 0 3 0 0 643 0 262.21 117763 098-aaavz 
38300 97280 392 248.163 0.00255102 104 104 0 6 0 0 653 0 248.163 118248 104-aaaaz 
38400 97792 366.5 266.825 0.00272852 98 98 0 4 0 0 651 0 267.858 118648 098-aaawj 
38500 99328 376 264.17 0.00265957 99 99 0 3 0 0 654 0 264.17 119021 099-aaali 
38600 99328 376 264.17 0.00265957 99 99 0 5 0 0 655 0 264.17 119210 099-aaall 
38700 97280 385 252.675 0.0025974 104 104 0 4 0 0 656 0 252.675 118939 104-aaabp 
38800 96733.9 362.467 266.875 0.00275888 97 97 0 5 1 0 655 0 267.989 119434 097-aabfm 
38900 99328 377 263.469 0.00265252 100 100 0 3 0 0 657 0 263.469 119447 100-aaaie 
39000 99328 377 263.469 0.00265252 100 100 0 7 4 2 658 0 263.469 120189 100-aaaim 
39100 97280 363 267.989 0.00275482 97 97 0 4 0 0 662 0 267.989 120529 097-aabfy 
39200 98304 367 267.858 0.0027248 98 98 0 4 0 0 662 0 267.858 120923 098-aaaxc 
39300 94208 361 260.964 0.00277008 96 96 0 4 0 0 662 0 260.964 121155 096-aabgj 
39400 99004.6 375.684 263.53 0.00266181 101 101 0 4 0 0 667 0 264.17 121439 101-aaafm 
39500 99657.1 374.321 266.233 0.0026715 100 99.8929 0 8 1 1 664 0 267.605 121632 100-aaaiu 
39600 98304 367 267.858 0.0027248 98 97.7037 0 4 0 0 668 0 267.858 122059 098-aaaya 
39700 100352 375 267.605 0.00266667 101 100.75 0 5 0 0 667 0 267.605 122468 101-aaaft 
39800 95232 387 246.078 0.00258398 104 104 0 4 0 0 674 0 246.078 122855 104-aaacq 
39900 94208 384 245.333 0.00260417 103 103 0 5 0 0 674 0 245.333 122881 103-aaada 
40000 94208 380 247.916 0.00263158 103 103 0 3 0 0 679 0 247.916 123438 103-aaadg 
40100 98304 366 268.59 0.00273224 98 98 0 4 1 1 676 0 268.59 123877 098-aaayq 
40200 97280 365 266.521 0.00273973 98 98 0 6 3 2 677 0 266.521 123918 098-aaays 
40300 99328 370 268.454 0.0027027 99 98.9091 0 3 0 0 678 0 268.454 124321 099-aaanq 
40400 97280 369 263.631 0.00271003 99 98.6111 0 4 0 0 679 0 263.631 124548 099-aaant 
40500 100352 379 264.781 0.00263852 101 100.583 0 4 0 0 681 0 264.781 124916 101-aaafy 
40600 91136 372 244.989 0.00268817 101 101 0 5 0 0 693 0 244.989 125131 101-aaagd 
40700 90368 372.25 242.761 0.00268637 101 101 0 3 0 0 694 0 244.332 125589 101-aaagl 
40800 95232 381 249.953 0.00262467 103 103 0 5 0 0 689 0 249.953 125781 103-aaaeg 
40900 95232 388 245.443 0.00257732 104 104 0 3 2 2 693 0 245.443 126227 104-aaaen 
41000 91136 369 246.981 0.00271003 100 100 0 3 0 0 701 0 246.981 126567 100-aaajl 
41100 92160 379 243.166 0.00263852 101 101 0 4 0 0 704 0 243.166 126604 101-aaahi 
41200 91136 366 249.005 0.00273224 99 99 0 6 0 0 706 0 249.005 127082 099-aaanz 
41300 100352 379 264.781 0.00263852 101 101 0 4 0 0 691 0 264.781 127312 101-aaahs 
41400 100352 379 264.781 0.00263852 101 101 0 4 0 0 691 0 264.781 127312 101-aaahs 
41500 94208 387 243.432 0.00258398 104 104 0 3 0 0 705 0 243.432 128022 104-aaaez 
41600 94208 387 243.432 0.00258398 104 104 0 7 0 0 706 0 243.432 128216 104-aaafc 
41700 94208 387 243.432 0.00258398 104 104 0 5 0 0 706 0 243.432 128216 104-aaafc 
41800 102400 387 264.599 0.00258398 101 100.5 0 4 0 0 698 0 264.599 128956 101-aaail 
41900 102400 387 264.599 0.00258398 101 101 0 3 0 0 699 0 264.599 129110 101-aaain 
42000 99328 372 267.011 0.00268817 101 101 0 4 0 0 706 0 267.011 129617 101-aaaja 
42100 101376 384 264 0.00260417 103 103 0 3 1 1 706 0 264 129844 103-aaagc 
42200 98304 373 263.55 0.00268097 102 102 0 3 0 0 714 0 263.55 130025 102-aaagb 
42300 98304 367 267.858 0.0027248 100 100 0 4 0 0 712 0 267.858 130353 100-aaakc 
42400 101376 386 262.632 0.00259067 104 104 0 4 2 0 719 0 262.632 130792 104-aaafj 
42500 100352 403 249.012 0.00248139 109 109 0 4 0 0 707 0 249.012 130092 109-aaaau 
42600 99328 399 248.942 0.00250627 108 108 0 4 0 0 709 0 248.942 131094 108-aaaay 
42700 102400 384 266.667 0.00260417 103 103 0 4 0 0 715 0 266.667 131611 103-aaagy 
42800 101376 386 262.632 0.00259067 104 104 0 3 0 0 724 0 262.632 131751 104-aaafr 
42900 102400 387 264.599 0.00258398 104 104.333 0 4 1 1 726 0 264.599 132302 104-aaaga 
43000 103424 390 265.19 0.0025641 103 103.667 0 3 0 0 721 0 265.19 132651 103-aaahh 
43100 102400 388 263.918 0.00257732 104 104 0 6 0 0 727 0 263.918 132674 104-aaagn 
43200 100352 381 263.391 0.00262467 103 103 0 5 1 0 732 0 263.391 133170 103-aaahv 
43300 101376 382 265.382 0.0026178 104 104 0 4 0 0 727 0 265.382 133518 104-aaahf 
43400 101376 382 265.382 0.0026178 104 104 0 4 1 1 728 0 265.382 133766 104-aaahl 
43500 102400 387 264.599 0.00258398 105 105 0 4 1 1 735 0 264.599 134021 105-aaabu 
43600 99328 376 264.17 0.00265957 102 102 0 4 0 0 732 0 264.17 134386 102-aaagt 
43700 103424 391 264.512 0.00255754 106 105.957 0 4 0 0 737 0 264.512 134513 106-aaaaj 
43800 102400 385 265.974 0.0025974 103 103 0 5 0 0 739 0 265.974 134847 103-aaaiu 
43900 101376 384 264 0.00260417 103 103 0 6 0 0 739 0 264 135108 103-aaaiw 
44000 99328 378 262.772 0.0026455 103 103.118 0 3 0 0 744 0 262.772 135470 103-aaajf 
44100 101376 380 266.779 0.00263158 103 103 0 4 0 0 742 0 266.779 135545 103-aaaji 
44200 100352 376 266.894 0.00265957 102 102.148 0 3 1 1 743 0 266.894 135980 102-aaahb 
44300 101376 392 258.612 0.00255102 105 105 0 4 0 0 750 0 258.612 136356 105-aaacz 
44400 101376 382 265.382 0.0026178 104 104 0 3 0 0 749 0 265.382 136417 104-aaajx 
44500 98304 376 261.447 0.00265957 103 103 0 8 0 0 751 0 261.447 136869 103-aaakg 
44600 100352 381 263.391 0.00262467 104 104 0 7 0 0 754 0 263.391 137251 104-aaakz 
44700 98304 376 261.447 0.00265957 103 103 0 6 0 0 751 0 261.447 136869 103-aaakg 
44800 99328 378 262.772 0.0026455 103 103 0 5 0 0 754 0 262.772 137901 103-aaald 
44900 101376 389 260.607 0.00257069 105 105 0 8 0 0 756 0 260.607 137702 105-aaadt 
45000 100352 383 262.016 0.00261097 103 103.118 0 7 0 0 760 0 262.016 138496 103-aaalp 
45100 98304 372 264.258 0.00268817 102 102 0 6 0 0 761 0 264.258 138731 102-aaahk 
45200 100352 383 262.016 0.00261097 103 103 0 5 0 0 763 0 262.016 138960 103-aaalz 
45300 101376 387 261.953 0.00258398 105 105 0 5 0 0 766 0 261.953 139274 105-aaaeo 
45400 104448 390 267.815 0.0025641 105 105 0 5 0 0 773 0 267.815 139756 105-aaafb 
45500 97280 370 262.919 0.0027027 101 101 0 4 0 0 767 0 262.919 139935 101-aaaki 
45600 102400 376 272.34 0.00265957 104 104.4 0 5 0 0 772 0 272.34 140420 104-aaamr 
45700 102101 383.708 266.09 0.00260615 105 105 0 6 0 0 768 0 266.667 140511 105-aaafn 
45800 103424 384 269.333 0.00260417 104 104 0 5 0 0 778 0 269.333 140994 104-aaana 
45900 97280 460 211.478 0.00217391 101 100.333 0 3 0 0 775 0 211.478 141300 101-aaaku 
46000 98304 365 269.326 0.00273973 100 100 0 4 0 0 777 0 269.326 141391 100-aaald 
46100 97280 361 269.474 0.00277008 99 99.375 0 3 1 0 779 0 269.474 141904 099-aaaol 
46200 104448 383 272.71 0.00261097 105 105.235 0 3 1 0 784 0 272.71 142082 105-aaage 
46300 98304 374 262.845 0.0026738 100 100 0 4 0 0 780 0 262.845 142544 100-aaalp 
46400 98304 389 252.71 0.00257069 100 100 0 5 0 0 785 0 252.71 142742 100-aaalr 
46500 98304 389 252.71 0.00257069 100 100 0 6 2 0 785 0 252.71 142742 100-aaalr 
46600 98304 372 264.258 0.00268817 100 100 0 5 2 1 784 0 264.258 143355 100-aaami 
46700 98304 374 262.845 0.0026738 100 100 0 4 3 1 787 0 262.845 143608 100-aaamr 
46800 99328 376 264.17 0.00265957 101 100.9 0 9 0 0 786 0 264.17 143474 101-aaalo 
46900 97280 373 260.804 0.00268097 100 100 0 5 0 0 787 0 260.804 144211 100-aaane 
47000 95232 379 251.272 0.00263852 104 104 0 6 0 0 790 0 251.272 144612 104-aaang 
47100 99328 473 209.996 0.00211416 101 101 0 4 0 0 792 0 209.996 144818 101-aaamc 
47200 101376 376 269.617 0.00265957 103 102.879 0 4 0 0 793 0 269.617 144936 103-aaamm 
47300 99328 377 263.469 0.00265252 100 100 0 3 0 0 799 0 263.469 145056 100-aaans 
47400 94208 363 259.526 0.00275482 97 97.2 0 4 2 1 800 0 259.526 145574 097-aabhh 
47500 50176 376 133.447 0.00265957 100 100 0 5 0 0 806 0 133.447 145973 100-aaaol 
47600 100352 392 256 0.00255102 107 107 0 3 2 0 799 0 256 146291 107-aaaba 
47700 129024 487 264.936 0.00205339 130 130 0 4 0 0 807 0 264.936 146573 130-aaaae 
47800 129024 486 265.481 0.00205761 130 130 0 3 1 1 808 0 265.481 146680 130-aaaaf 
47900 99328 375 264.875 0.00266667 100 100 0 3 0 0 806 0 264.875 147017 100-aaaot 
48000 97280 386 252.021 0.00259067 104 104 0 3 0 0 815 0 252.021 147593 104-aaanl 
48100 97280 386 252.021 0.00259067 104 104 0 4 0 0 815 0 252.021 147593 104-aaanl 
48200 97280 383 253.995 0.00261097 104 104 0 4 1 1 816 0 253.995 148097 104-aaanu 
48300 95232 384 248 0.00260417 104 104 0 5 0 0 819 0 248 147954 104-aaanr 
48400 99328 375 264.875 0.00266667 100 100 0 6 0 0 814 0 264.875 148490 100-aaaph 
48500 96256 370 260.151 0.0027027 99 99 0 5 0 0 818 0 260.151 148947 099-aaasd 
48600 95232 369 258.081 0.00271003 99 99 0 4 0 0 819 0 258.081 149133 099-aaasi 
48700 99328 375 264.875 0.00266667 101 101 0 4 2 2 819 0 264.875 149657 101-aaamx 
48800 96256 367 262.278 0.0027248 99 99 0 4 0 0 822 0 262.278 149955 099-aaatp 
48900 96256 370 260.151 0.0027027 99 99 0 8 0 0 823 0 260.151 150251 099-aaatx 
49000 99328 363 273.631 0.00275482 99 99 0 4 0 0 828 0 273.631 150433 099-aaaug 
49100 98304 359 273.827 0.00278552 98 98 0 5 2 1 831 0 273.827 150784 098-aabbi 
49200 100352 367 273.439 0.0027248 100 100 0 4 0 0 833 0 273.439 151003 100-aaaqe 
49300 99328 363 273.631 0.00275482 99 99.4 0 5 0 0 835 0 273.631 151313 099-aaavw 
49400 96256 361 266.637 0.00277008 98 98.6667 0 3 0 0 832 0 266.637 151877 098-aabbt 
49500 97280 366 265.792 0.00273224 99 99 0 5 0 0 834 0 265.792 151968 099-aaaww 
49600 97280 366 265.792 0.00273224 99 99 0 4 0 0 835 0 265.792 152384 099-aaaxl 
49700 94208 357 263.888 0.00280112 97 97 0 4 1 1 837 0 263.888 152780 097-aabhy 
49800 97280 377 258.037 0.00265252 100 99.6111 0 5 1 1 832 0 258.037 152940 100-aaarc 
49900 97280 364 267.253 0.00274725 100 99.9412 0 6 3 3 845 0 267.253 153270 100-aaare 
50000 95232 356 267.506 0.00280899 96 96 0 4 0 0 841 0 267.506 153684 096-aabgs 
50100 96256 363 265.168 0.00275482 98 98 0 5 0 0 845 0 265.168 153882 098-aabdd 
50200 99328 384 258.667 0.00260417 102 102 0 3 1 0 841 0 258.667 154217 102-aaaiu 
50300 100352 385 260.655 0.0025974 102 102 0 6 0 0 842 0 260.655 154509 102-aaaiw 
50400 97280 361 269.474 0.00277008 99 99.069 0 5 1 0 851 0 269.474 154651 099-aaayu 
50500 99328 388 256 0.00257732 103 103 0 5 0 0 846 0 256 155036 103-aaann 
50600 95232 354 269.017 0.00282486 98 98 0 4 0 0 856 0 269.017 155481 098-aabds 
50700 98304 359 273.827 0.00278552 99 99 0 5 0 0 857 0 273.827 155724 099-aaazo 
50800 95232 356 267.506 0.00280899 98 98 0 4 1 1 859 0 267.506 156008 098-aabeb 
50900 98304 361 272.31 0.00277008 100 99.8462 0 5 1 1 858 0 272.31 156176 100-aaasq 
51000 95232 356 267.506 0.00280899 98 98 0 5 0 0 860 0 267.506 156676 098-aabef 
51100 96256 371 259.45 0.00269542 102 102 0 7 0 0 866 0 259.45 156899 102-aaajc 
51200 95232 363 262.347 0.00275482 100 100 0 4 0 0 863 0 262.347 157368 100-aaatx 
51300 99328 361 275.147 0.00277008 99 99 0 6 2 1 864 0 275.147 157550 099-aabbe 
51400 96256 363 265.168 0.00275482 100 100 0 7 0 0 865 0 265.168 157675 100-aaaud 
51500 96256 360 267.378 0.00277778 99 99 0 7 0 0 868 0 267.378 158221 099-aabbk 
51600 97280 363 267.989 0.00275482 100 100 0 5 0 0 866 0 267.989 158359 100-aaauo 
51700 99328 364 272.879 0.00274725 99 99 0 6 1 1 870 0 272.879 158677 099-aabcb 
51800 99328 365 272.132 0.00273973 100 100 0 8 1 1 873 0 272.132 158924 100-aaauz 
51900 49152 361 136.155 0.00277008 99 99 0 3 0 0 875 0 136.155 159406 099-aabco 
52000 98304 364 270.066 0.00274725 98 98 0 3 0 0 876 0 270.066 159821 098-aabfq 
52100 98304 358 274.592 0.0027933 98 98 0 4 0 0 879 0 274.592 160063 098-aabfv 
52200 98304 364 270.066 0.00274725 98 98 0 6 0 0 880 0 270.066 160448 098-aabgd 
52300 98304 360 273.067 0.00277778 98 98 0 6 0 0 878 0 273.067 160724 098-aabgn 
52400 98304 360 273.067 0.00277778 98 98 0 3 0 0 879 0 273.067 161133 098-aabhd 
52500 100352 374 268.321 0.0026738 100 99.7692 0 6 0 0 882 0 268.321 161350 100-aaawc 
52600 98304 365 269.326 0.00273973 98 98 0 6 3 1 883 0 269.326 161429 098-aabhl 
52700 96256 356 270.382 0.00280899 97 97 0 4 0 0 886 0 270.382 162043 097-aabjc 
52800 96256 356 270.382 0.00280899 97 97 0 6 0 0 888 0 270.382 162275 097-aabjf 
52900 99077.2 367.755 269.41 0.0027192 99 99 0 7 0 0 887 0 269.913 162334 099-aabec 
53000 99228.9 363.903 272.679 0.00274799 99 99 0 6 1 1 888 0 272.879 162598 099-aabek 
53100 99157.3 363.833 272.534 0.00274851 99 99 0 5 1 1 890 0 272.879 163299 099-aabey 
53200 98109 362.81 270.414 0.00275627 99 99 0 6 0 0 890 0 270.81 163502 099-aabff 
53300 98304 358 274.592 0.0027933 98 98 0 10 0 0 890 0 274.592 163816 098-aabiy 
53400 97280 358 271.732 0.0027933 97 97 0 4 3 1 895 0 271.732 164091 097-aabjz 
53500 98304 358 274.592 0.0027933 98 98 0 5 0 0 891 0 274.592 164036 098-aabiz 
53600 101274 367.9 275.274 0.00271813 101 101 0 5 3 2 899 0 275.478 164845 101-aaaow 
53700 100224 367.875 272.44 0.00271832 101 101 0 5 0 0 901 0 272.696 165152 101-aaapf 
53800 102229 371.833 274.932 0.00268938 102 102 0 3 0 0 902 0 275.269 165518 102-aaaji 
53900 99328 363 273.631 0.00275482 100 100 0 7 1 1 906 0 273.631 165686 100-aaaxj 
54000 99328 361 275.147 0.00277008 99 99 0 3 0 0 897 0 275.147 166108 099-aabgq 
54100 99328 365 272.126 0.00273975 100 100 0 4 0 0 903 0 274.186 166451 100-aaaxu 
54200 98304 360 273.067 0.00277778 99 99 0 5 0 0 907 0 273.067 166564 099-aabha 
54300 100166 375.818 266.527 0.00266086 101 101 0 4 0 0 910 0 266.894 166930 101-aaaqj 
54400 99328 371 267.73 0.00269542 100 100 0 5 0 0 905 0 267.73 167309 100-aaayd 
54500 101843 378.457 269.101 0.00264232 103 103 0 10 1 0 915 0 270.185 167454 103-aaapa 
54600 101888 378.5 269.188 0.00264201 103 103 0 3 0 0 915 0 270.185 167454 103-aaapa 
54700 103424 384 269.333 0.00260417 104 103.892 0 5 1 1 918 0 269.333 168039 104-aaaow 
54800 51029.3 376.667 135.476 0.00265487 102 102 0 4 0 0 911 0 135.809 168597 102-aaakw 
54900 101376 380 266.779 0.00263158 103 103 0 6 0 0 920 0 266.779 168497 103-aaapf 
55000 101376 380 266.779 0.00263158 103 103 0 5 0 0 921 0 266.779 168908 103-aaapi 
55100 105472 390 270.441 0.0025641 106 105.971 0 4 1 1 924 0 270.441 169076 106-aaadb 
55200 104448 390 267.815 0.0025641 106 105.826 0 5 1 0 926 0 267.815 169478 106-aaadd 
55300 102400 384 266.667 0.00260417 105 105 0 5 0 0 932 0 266.667 170015 105-aaaij 
55400 102400 385 265.974 0.0025974 105 105 0 4 0 0 931 0 265.974 170199 105-aaaiq 
55500 105911 393.429 269.199 0.00254176 106 106 0 5 0 0 934 0 270.294 170639 106-aaadu 
55600 100352 383 262.016 0.00261097 103 103 0 4 2 0 929 0 262.016 170668 103-aaaqo 
55700 106496 393 270.982 0.00254453 106 105.4 0 3 0 0 939 0 270.982 171245 106-aaaee 
55800 101376 383 264.689 0.00261097 105 105 0 5 2 1 935 0 264.689 171404 105-aaajd 
55900 48640 374 130.053 0.0026738 101 101 0 3 0 0 935 0 130.053 171781 101-aaard 
56000 102400 383 267.363 0.00261097 106 106 0 4 0 0 941 0 267.363 172158 106-aaaeu 
56100 101376 377 268.902 0.00265252 102 102 0 6 0 0 947 0 268.902 172127 102-aaals 
56200 101376 385 263.314 0.0025974 106 106 0 5 0 0 942 0 263.314 172599 106-aaafb 
56300 98304 375 262.144 0.00266667 101 101 0 5 0 0 936 0 262.144 172846 101-aaarl 
56400 101376 377 268.902 0.00265252 102 102 0 5 0 0 949 0 268.902 172989 102-aaalz 
56500 100352 389 257.974 0.00257069 106 106 0 6 0 0 947 0 257.974 173291 106-aaafq 
56600 52224 383 136.355 0.00261097 104 104 0 4 0 0 958 0 136.355 173841 104-aaark 
56700 102400 383 267.363 0.00261097 106 106 0 4 0 0 947 0 267.363 173324 106-aaafu 
56800 102400 381 268.766 0.00262467 103 103 0 4 0 0 962 0 268.766 174383 103-aaarw 
56900 101376 375 270.336 0.00266667 102 102 0 5 0 0 961 0 270.336 174674 102-aaame 
57000 101376 385 263.314 0.0025974 107 107 0 6 1 1 952 0 263.314 174830 107-aaacf 
57100 104448 381 274.142 0.00262467 104 104 0 4 0 0 964 0 274.142 175165 104-aaaru 
57200 101376 381 266.079 0.00262467 103 103 0 6 0 0 963 0 266.079 175499 103-aaaso 
57300 104448 384 272 0.00260417 105 105 0 4 0 0 968 0 272 175932 105-aaakp 
57400 104448 381 274.142 0.00262467 105 105 0 6 0 0 968 0 274.142 176051 105-aaakr 
57500 102400 382 268.063 0.0026178 102 102 0 3 0 0 967 0 268.063 176237 102-aaamv 
57600 101376 379 267.483 0.00263852 101 101 0 5 0 0 969 0 267.483 176806 101-aaarr 
57700 101376 400 253.44 0.0025 108 108 0 6 0 0 970 0 253.44 177053 108-aaacm 
57800 102400 382 268.063 0.0026178 102 102 0 4 0 0 971 0 268.063 177189 102-aaanc 
57900 104448 387 269.891 0.00258398 106 105.813 0 6 0 0 972 0 269.891 177347 106-aaagx 
58000 109568 394 278.091 0.00253807 108 108 0 4 0 0 983 0 278.091 177932 108-aaadd 
58100 109568 394 278.091 0.00253807 108 108 0 3 0 0 984 0 278.091 178133 108-aaadg 
58200 102400 379 270.185 0.00263852 103 103 0 5 0 0 978 0 270.185 178403 103-aaatu 
58300 107520 390 275.692 0.0025641 107 107 0 4 0 0 984 0 275.692 178763 107-aaadf 
58400 101376 379 267.483 0.00263852 103 103 0 5 0 0 982 0 267.483 178896 103-aaaud 
58500 107520 388 277.113 0.00257732 106 106 0 4 0 0 993 0 277.113 179447 106-aaahn 
58600 107520 388 277.113 0.00257732 106 106 0 5 3 3 995 0 277.113 179796 106-aaahs 
58700 102400 401 255.362 0.00249377 110 110 0 4 0 0 989 0 255.362 179901 110-aaaay 
58800 104448 379 275.588 0.00263852 104 104 0 4 0 0 990 0 275.588 180109 104-aaatn 
58900 104448 382 273.424 0.0026178 103 103 0 3 0 0 995 0 273.424 180477 103-aaauw 
59000 105472 383 275.384 0.00261097 105 105 0 5 0 0 991 0 275.384 180511 105-aaalr 
59100 104448 381 274.142 0.00262467 103 103 0 5 4 2 996 0 274.142 180698 103-aaavb 
59200 104448 381 274.142 0.00262467 103 103 0 7 0 0 997 0 274.142 181259 103-aaavq 
59300 104448 382 273.424 0.0026178 103 103 0 5 0 0 998 0 273.424 181434 103-aaavx 
59400 104448 378 276.317 0.0026455 104 104 0 8 0 0 1001 0 276.317 181898 104-aaauf 
59500 104448 382 273.424 0.0026178 104 104 0 4 0 0 999 0 273.424 182239 104-aaaum 
59600 103424 409 252.87 0.00244499 114 114 0 6 0 0 1002 0 252.87 182505 114-aaaac 
59700 100352 366 274.186 0.00273224 100 100.054 0 4 0 0 1004 0 274.186 182560 100-aaayo 
59800 103424 386 267.938 0.00259067 103 103 0 4 0 0 1008 0 267.938 182841 103-aaaxl 
59900 102862 386.452 266.17 0.00258765 103 103 0 5 0 0 1010 0 267.245 183394 103-aaaxx 
60000 103424 381 271.454 0.00262467 105 105 0 3 0 0 1009 0 271.454 183818 105-aaami 
60100 105472 389 271.136 0.00257069 106 105.833 0 5 0 0 1009 0 271.136 184059 106-aaaiw 
60200 106496 286 372.364 0.0034965 105 105 0 4 0 0 1018 0 372.364 184584 105-aaamu 
60300 106496 300 354.987 0.00333333 111 111 0 4 0 0 1020 0 354.987 185034 111-aaaav 
60400 106496 294 362.231 0.00340136 111 111 0 3 0 0 1021 0 362.231 185353 111-aaaaz 
60500 112640 308 365.714 0.00324675 116 116 0 5 0 0 1023 0 365.714 185567 116-aaaah 
60600 106496 288 369.778 0.00347222 106 106 0 6 0 0 1021 0 369.778 185149 106-aaajg 
60700 106496 288 369.778 0.00347222 106 106 0 5 0 0 1022 0 369.778 186559 106-aaajt 
60800 106496 287 371.066 0.00348432 105 105 0 4 0 0 1026 0 371.066 186962 105-aaant 
60900 106496 287 371.066 0.00348432 105 105 0 5 1 1 1028 0 371.066 187266 105-aaanz 
61000 108544 296 366.703 0.00337838 108 108 0 4 0 0 1040 0 366.703 187928 108-aaaee 
61100 108544 297 365.468 0.003367 108 108 0 5 1 1 1040 0 365.468 187914 108-aaaef 
61200 107520 290 370.759 0.00344828 107 107 0 5 0 0 1044 0 370.759 188607 107-aaaeg 
61300 107520 296 363.243 0.00337838 108 108 0 5 0 0 1050 0 363.243 189195 108-aaaes 
61400 107520 291 369.485 0.00343643 107 107 0 5 0 0 1047 0 369.485 189269 107-aaaej 
61500 112640 308 365.714 0.00324675 111 111 0 4 2 2 1053 0 365.714 189840 111-aaabt 
61600 114688 327 350.728 0.0030581 119 119 0 4 2 1 1057 0 350.728 190389 119-aaaan 
61700 105472 296 356.324 0.00337838 111 111 0 5 0 0 1055 0 356.324 190820 111-aaabz 
61800 108544 299 363.023 0.00334448 108 108 0 4 1 0 1065 0 363.023 190824 108-aaafl 
61900 105472 289 364.955 0.00346021 106 106 0 5 0 0 1061 0 364.955 191711 106-aaaka 
62000 227328 318 714.868 0.00314465 117 117 0 6 3 2 1067 0 714.868 191968 117-aaaaq 
62100 227328 306 742.902 0.00326797 112 112 0 4 0 0 1069 0 742.902 192263 112-aaaau 
62200 227328 317 717.123 0.00315457 117 117 0 3 0 0 1076 0 717.123 192814 117-aaabg 
62300 223232 300 744.107 0.00333333 110 110 0 4 0 0 1076 0 744.107 193251 110-aaacd 
62400 223232 300 744.107 0.00333333 110 110 0 4 0 0 1076 0 744.107 193251 110-aaacd 
62500 223232 300 744.107 0.00333333 110 110 0 4 0 0 1078 0 744.107 193959 110-aaacl 
62600 223232 300 744.107 0.00333333 110 110 0 3 0 0 1079 0 744.107 194449 110-aaacw 
62700 229376 311 737.543 0.00321543 113 113 0 4 1 1 1089 0 737.543 194749 113-aaabp 
62800 223232 300 744.107 0.00333333 110 110 0 4 0 0 1081 0 744.107 194783 110-aaadb 
62900 227328 313 726.288 0.00319489 113 113.6 0 3 0 0 1094 0 726.288 195627 113-aaaby 
63000 227328 313 726.288 0.00319489 113 113.1 0 4 0 0 1094 0 726.288 195627 113-aaaby 
63100 57344 317 180.896 0.00315457 114 114 0 3 0 0 1096 0 180.896 196073 114-aaabl 
63200 231424 315 734.679 0.0031746 115 115 0 5 0 0 1103 0 734.679 196466 115-aaaas 
63300 245760 335 733.612 0.00298507 123 123 0 4 2 2 1104 0 733.612 197000 123-aaaao 
63400 229376 315 728.178 0.0031746 115 115 0 6 0 0 1112 0 728.178 197405 115-aaaav 
63500 237568 333 713.417 0.003003 124 124 0 4 1 1 1113 0 713.417 197881 124-aaaal 
63600 243712 333 731.868 0.003003 123 123 0 3 0 0 1113 0 731.868 198315 123-aaaaz 
63700 227328 322 705.988 0.00310559 119 119 0 4 3 1 1124 0 705.988 198785 119-aaabj 
63800 243712 365 667.704 0.00273973 139 138.5 0 5 3 1 1120 0 667.704 199108 139-aaaaa 
63900 229376 324 707.951 0.00308642 119 119 0 3 0 0 1126 0 707.951 199564 119-aaabs 
64000 233472 315 741.181 0.0031746 115 115 0 7 0 0 1115 0 741.181 199657 115-aaabh 
64100 233472 315 741.181 0.0031746 115 115 0 5 1 1 1116 0 741.181 199794 115-aaabi 
64200 243712 333 731.868 0.003003 124 124 0 4 0 0 1134 0 731.868 200615 124-aaabg 
64300 233472 315 741.181 0.0031746 115 115 0 4 0 0 1120 0 741.181 200961 115-aaabt 
64400 231424 334 692.886 0.00299401 125 125 0 6 0 0 1123 0 692.886 201404 125-aaaay 
64500 247808 338 733.16 0.00295858 126 126 0 5 0 0 1137 0 733.16 201754 126-aaaap 
64600 233472 316 738.835 0.00316456 114 114 0 5 0 0 1124 0 738.835 202081 114-aaacf 
64700 247808 391 633.78 0.00255754 150 150 0 4 1 1 1148 0 633.78 202460 150-aaaaa 
64800 249856 343 728.443 0.00291545 127 127 0 3 0 0 1143 0 728.443 202760 127-aaaau 
64900 237568 345 688.603 0.00289855 125 125 0 5 0 0 1148 0 688.603 203169 125-aaabb 
65000 256000 345 742.029 0.00289855 129 129 0 5 0 0 1154 0 742.029 203413 129-aaabd 
65100 253952 344 738.233 0.00290698 129 129 0 4 0 0 1155 0 738.233 203812 129-aaabk 
65200 247808 349 710.052 0.00286533 130 130 0 3 0 0 1151 0 710.052 204541 130-aaaba 
65300 249856 337 741.412 0.00296736 128 128 0 3 0 0 1162 0 741.412 204866 128-aaaao 
65400 247808 345 718.284 0.00289855 127 127 0 6 1 0 1154 0 718.284 205098 127-aaaba 
65500 251904 355 709.589 0.0028169 133 133 0 5 0 0 1167 0 709.589 205608 133-aaaam 
65600 247808 348 712.092 0.00287356 130 130 0 3 0 0 1165 0 712.092 206007 130-aaabp 
65700 253952 349 727.656 0.00286533 130 130 0 4 0 0 1170 0 727.656 206440 130-aaabt 
65800 252314 421.2 599.034 0.00237417 166 166 0 3 0 0 1175 0 601.782 206830 166-aaaaa 
65900 262144 360 728.178 0.00277778 134 134 0 6 0 0 1176 0 728.178 207036 134-aaaaj 
66000 253952 349 727.656 0.00286533 128 128 0 3 0 0 1171 0 727.656 207685 128-aaaas 
66100 264192 371 712.108 0.00269542 140 140 0 5 0 0 1179 0 712.108 207821 140-aaaac 
66200 256000 354 723.164 0.00282486 133 133 0 10 0 0 1184 0 723.164 208085 133-aaaay 
66300 270336 373 724.761 0.00268097 140 140 0 4 0 0 1181 0 724.761 208473 140-aaaaf 
66400 266240 364 731.429 0.00274725 135 135 0 3 2 0 1191 0 731.429 209119 135-aaaal 
66500 264192 371 712.108 0.00269542 140 140 0 5 2 1 1184 0 712.108 209162 140-aaaap 
66600 264192 373 708.29 0.00268097 140 140 0 3 0 0 1186 0 708.29 209604 140-aaaat 
66700 264192 370 714.032 0.0027027 138 138 0 3 0 0 1199 0 714.032 209921 138-aaaai 
66800 272384 365 746.258 0.00273973 136 136 0 4 0 0 1192 0 746.258 210639 136-aaaak 
66900 272384 365 746.258 0.00273973 136 136 0 3 6 3 1194 1 746.258 211008 136-aaaam 
67000 249856 396 630.949 0.00252525 154 154 0 3 0 0 1205 0 630.949 211330 154-aaaab 
67100 264192 364 725.802 0.00274725 137 137 0 4 3 1 1197 0 725.802 211541 137-aaaas 
67200 264192 364 725.802 0.00274725 137 137 0 4 1 0 1199 0 725.802 211915 137-aaaat 
67300 260096 362 718.497 0.00276243 133 133 0 3 0 0 1217 0 718.497 212288 133-aaabk 
67400 247808 360 688.356 0.00277778 135 135 0 4 0 0 1208 0 688.356 212795 135-aaaat 
67500 251904 354 711.593 0.00282486 132 132 0 2 0 0 1209 0 711.593 213039 132-aaaar 
67600 251904 354 711.593 0.00282486 132 132 0 4 2 1 1211 0 711.593 213305 132-aaaat 
67700 263373 391.6 672.554 0.00255363 148 148 0 3 0 0 1213 0 673.959 213910 148-aaaac 
67800 272384 371 734.189 0.00269542 139 139 0 2 0 0 1210 0 734.189 214327 139-aaaax 
67900 272384 371 734.189 0.00269542 138 138 0 3 0 0 1216 0 734.189 214397 138-aaaav 
68000 264192 357 740.034 0.00280112 131 131 0 5 1 0 1221 0 740.034 214851 131-aaacm 
68100 272384 375 726.357 0.00266667 139 139 0 4 0 0 1216 0 726.357 214980 139-aaabd 
68200 276480 374 739.251 0.0026738 140 140 0 5 0 0 1227 0 739.251 215729 140-aaacf 
68300 276480 375 737.28 0.00266667 140 140 0 3 0 0 1229 0 737.28 216109 140-aaacm 
68400 268288 371 723.148 0.00269542 138 138 0 6 0 0 1221 0 723.148 216136 138-aaabc 
68500 278528 368 756.87 0.00271739 138 138 0 3 0 0 1225 0 756.87 216468 138-aaabd 
68600 274432 367 747.771 0.0027248 137 137 0 3 0 0 1226 0 747.771 217112 137-aaabo 
68700 268288 371 723.148 0.00269542 138 138 0 5 0 0 1225 0 723.148 217390 138-aaabn 
68800 268288 364 737.055 0.00274725 137 137 0 4 2 2 1236 0 737.055 217642 137-aaabv 
68900 270336 368 734.609 0.00271739 138 138 0 3 0 0 1226 0 734.609 218242 138-aaabw 
69000 268288 370 725.103 0.0027027 138 138 0 4 0 0 1235 0 725.103 218603 138-aaacf 
69100 270336 365 740.647 0.00273973 138 138 0 4 0 0 1237 0 740.647 218817 138-aaaco 
69200 266581 376.167 708.677 0.0026584 141 141 0 7 0 0 1239 0 711.639 219423 141-aaaan 
69300 268288 371 723.148 0.00269542 138 138 0 4 0 0 1243 0 723.148 219676 138-aaacw 
69400 260096 353 736.816 0.00283286 134 134 0 3 0 0 1242 0 736.816 219961 134-aaabg 
69500 268288 379 707.884 0.00263852 142 142 0 3 0 0 1246 0 707.884 220433 142-aaaap 
69600 256000 358 715.084 0.0027933 132 132 0 3 0 0 1245 0 715.084 220872 132-aaaaz 
69700 264192 396 667.152 0.00252525 151 151 0 3 0 0 1246 0 667.152 221055 151-aaaac 
69800 264192 368 717.913 0.00271739 134 134 0 5 0 0 1254 0 717.913 221440 134-aaabq 
69900 260096 393 661.822 0.00254453 151 151 0 4 0 0 1249 0 661.822 221761 151-aaaad 
70000 262144 398 658.653 0.00251256 150 150 0 3 0 0 1254 0 658.653 222215 150-aaaaq 
70100 299008 451 662.989 0.00221729 169 168.4 0 3 0 0 1257 0 662.989 222631 169-aaaaa 
70200 284075 398 713.755 0.00251256 146 146 0 4 0 0 1264 0 715.256 222553 146-aaaao 
70300 283989 399 711.753 0.00250627 146 146 0 3 0 0 1269 0 713.464 223190 146-aaaar 
70400 259641 397.778 652.727 0.00251397 149 149 0 3 0 0 1264 0 653.508 223642 149-aaaag 
70500 259072 399.5 648.488 0.00250313 149 149 0 3 1 0 1266 0 650.24 224024 149-aaaak 
70600 258048 356 724.854 0.00280899 132 132 0 4 0 0 1260 0 724.854 224352 132-aaabq 
70700 255078 358.55 711.414 0.00278902 131 131 0 3 0 0 1270 0 713.092 224412 131-aaacn 
70800 260096 370 702.962 0.0027027 134 134 0 3 0 0 1282 0 702.962 225120 134-aaacf 
70900 261530 363.7 719.078 0.00274952 133 133 0 4 1 0 1277 0 720.176 225485 133-aaadd 
71000 261490 363.681 719.008 0.00274967 133 133 0 3 0 0 1277 0 720.176 225485 133-aaadd 
71100 127488 359.5 354.625 0.00278165 130 130 0 4 0 0 1276 0 355.556 226134 130-aaach 
71200 261413 363.643 718.869 0.00274996 133 133 0 4 0 0 1278 0 720.176 226239 133-aaadl 
71300 261461 363.667 718.957 0.00274978 133 133 0 3 0 0 1280 0 720.176 226993 133-aaadp 
71400 261376 363.625 718.804 0.00275009 133 133 0 6 0 0 1280 0 720.176 227143 133-aaadr 
71500 261475 363.673 718.981 0.00274972 133 133 0 2 0 0 1280 0 720.176 227143 133-aaadr 
71600 262144 379 691.673 0.00263852 137 137 0 4 0 0 1286 0 691.673 227815 137-aaacv 
71700 508 366 1.38798 0.00273224 133 133 0 2 0 0 1290 0 1.38798 228310 133-no_name 
71800 261497 411.684 635.187 0.00242905 156 156 0 3 0 0 1287 0 636.272 228440 156-aaaah 
71900 301056 447 673.503 0.00223714 164 164 0 2 0 0 1311 0 673.503 229002 164-no_name 
72000 249856 384 650.667 0.00260417 143 143 0 6 0 0 1310 0 650.667 229142 143-aaabc 
72100 247808 381 650.415 0.00262467 143 143 0 3 0 0 1314 0 650.415 229568 143-aaabd 
72200 249856 619 403.645 0.00161551 133 133 0 4 0 0 1313 0 403.645 229883 133-aaaeh 
72300 286720 410.333 698.751 0.00243705 147 145 0 3 0 0 1306 0 699.317 230309 147-aaaae 
72400 142677 354 403.043 0.00282486 133 132.5 0 3 0 0 1304 0 659.525 230220 133-aaaej 
72500 272384 384 709.333 0.00260417 139 139 0 4 0 0 1314 0 709.333 230931 139-aaacd 
72600 247808 355 698.051 0.0028169 131 131 0 4 0 0 1326 0 698.051 231019 131-aaadj 
72700 249856 358 697.922 0.0027933 131 131 0 3 2 0 1325 0 697.922 231568 131-aaadk 
72800 247808 370 669.751 0.0027027 137 137 0 5 1 1 1331 0 669.751 232112 137-aaadq 
72900 245760 352 698.182 0.00284091 129 129 0 4 0 0 1330 0 698.182 232097 129-aaacx 
73000 274432 392 700.082 0.00255102 143 143 0 3 0 0 1326 0 700.082 232464 143-aaabn 
73100 247808 371 667.946 0.00269542 137 137 0 3 0 0 1335 0 667.946 232995 137-aaaef 
73200 245760 369 666.016 0.00271003 137 137 0 5 0 0 1335 0 666.016 232751 137-aaadz 
73300 274432 400 686.08 0.0025 147 147 0 5 0 0 1329 0 686.08 233072 147-aaaah 
73400 245760 355 692.282 0.0028169 129 129 0 3 0 0 1341 0 692.282 234141 129-aaads 
73500 268288 392 684.408 0.00255102 143 143 0 4 0 0 1335 0 684.408 234253 143-aaabr 
73600 239616 348 688.552 0.00287356 127 127 0 4 0 0 1347 0 688.552 234663 127-aaabn 
73700 251904 424 594.113 0.00235849 163 163 0 3 0 0 1346 0 594.113 235078 163-aaaah 
73800 237568 346 686.613 0.00289017 127 127 0 6 0 0 1350 0 686.613 235229 127-aaabu 
73900 294476 423.787 694.867 0.00235968 151 151 0 4 0 0 1352 0 695.547 235245 151-aaaal 
74000 237568 338 702.864 0.00295858 124 124 0 4 1 1 1357 0 702.864 236004 124-aaabr 
74100 237568 346 686.613 0.00289017 127 127 0 3 3 2 1357 1 686.613 236356 127-aaaco 
74200 237568 338 702.864 0.00295858 124 124 0 4 0 0 1359 0 702.864 236638 124-aaacd 
74300 237568 340 698.729 0.00294118 124 124 0 3 4 2 1361 1 698.729 236955 124-aaacm 
74400 237568 340 698.729 0.00294118 124 124 0 4 0 0 1361 0 698.729 236955 124-aaacm 
74500 237568 339 700.791 0.00294985 124 124 0 3 0 0 1364 0 700.791 237565 124-aaadb 
74600 239616 340 704.753 0.00294118 124 124 0 4 0 0 1374 0 704.753 237817 124-aaadk 
74700 241664 337 717.104 0.00296736 123 123 0 6 0 0 1376 0 717.104 238033 123-aaabw 
74800 119808 334 358.707 0.00299401 123 123 0 3 0 0 1377 0 358.707 238275 123-aaabz 
74900 239616 340 704.753 0.00294118 124 124 0 4 0 0 1381 0 704.753 238684 124-aaaee 
75000 239616 340 704.753 0.00294118 124 124 0 4 0 0 1379 0 704.753 238929 124-aaaei 
75100 239616 340 704.753 0.00294118 124 124 0 4 0 0 1383 0 704.753 239148 124-aaaem 
75200 243712 378 644.741 0.0026455 142 142 0 3 0 0 1386 0 644.741 239691 142-aaabh 
75300 294912 473 623.493 0.00211416 180 180 0 3 0 0 1394 0 623.493 240062 180-aaaah 
75400 241664 376 642.723 0.00265957 142 142 0 3 0 0 1390 0 642.723 240180 142-aaabm 
75500 243712 437 557.693 0.00228833 172 172 0 5 0 0 1395 0 557.693 240678 172-aaaab 
75600 241664 348 694.437 0.00287356 128 128 0 4 0 0 1394 0 694.437 240872 128-aaabj 
75700 237568 340 698.729 0.00294118 124 124 0 5 0 0 1385 0 698.729 240885 124-aaafn 
75800 237568 412 576.621 0.00242718 160 160 0 4 0 0 1399 0 576.621 241554 160-aaaad 
75900 237568 339 700.791 0.00294985 124 124 0 3 0 0 1388 0 700.791 242012 124-aaafz 
76000 237568 341 696.68 0.00293255 124 124 0 4 1 0 1388 0 696.68 242040 124-aaagc 
76100 237568 340 698.729 0.00294118 124 124 0 4 0 0 1393 0 698.729 242529 124-aaahc 
76200 237568 340 698.729 0.00294118 124 124 0 10 1 1 1393 0 698.729 242529 124-aaahc 
76300 237568 339 700.791 0.00294985 124 124 0 3 0 0 1392 0 700.791 242990 124-aaahr 
76400 237568 341 696.68 0.00293255 124 124 0 3 0 0 1394 0 696.68 243523 124-aaaip 
76500 237568 341 696.68 0.00293255 124 124 0 4 1 0 1395 0 696.68 243818 124-aaajl 
76600 241664 383 630.977 0.00261097 124 124 0 4 2 2 1403 0 630.977 244147 124-aaakg 
76700 237568 341 696.68 0.00293255 124 124 0 4 0 0 1400 0 696.68 244443 124-aaakr 
76800 241664 383 630.977 0.00261097 124 124 0 5 0 0 1404 0 630.977 244441 124-aaalj 
76900 243712 383 636.324 0.00261097 124 124 0 6 0 0 1405 0 636.324 245105 124-aaame 
77000 237568 339 700.791 0.00294985 124 124 0 4 2 2 1409 0 700.791 245490 124-aaamz 
77100 223232 330 676.461 0.0030303 122 122 0 5 1 1 1411 0 676.461 245654 122-aaaag 
77200 225280 371 607.224 0.00269542 142 142 0 3 0 0 1414 0 607.224 245954 142-aaacc 
77300 239616 342 700.632 0.00292398 124 124 0 5 0 0 1409 0 700.632 246102 124-aaanu 
77400 224256 330.5 678.532 0.00302573 122 122 0 4 3 2 1414 0 680.604 246732 122-aaaao 
77500 239616 339 706.832 0.00294985 124 124 0 5 0 0 1418 0 706.832 246639 124-aaaoj 
77600 239616 342 700.632 0.00292398 124 124 0 5 2 0 1413 0 700.632 247010 124-aaaox 
77700 225280 331 680.604 0.00302115 122 122 0 3 0 0 1418 0 680.604 247647 122-aaaau 
77800 239616 339 706.832 0.00294985 124 124 0 4 0 0 1422 0 706.832 247367 124-aaapg 
77900 237568 365 650.871 0.00273973 138 138 0 4 0 0 1427 0 650.871 248186 138-aaade 
78000 239616 375 638.976 0.00266667 143 143 0 4 0 0 1422 0 638.976 248600 143-aaabu 
78100 239616 375 638.976 0.00266667 143 143 0 4 0 0 1423 0 638.976 248999 143-aaabv 
78200 239616 375 638.976 0.00266667 143 143 0 7 0 0 1423 0 638.976 248999 143-aaabv 
78300 223583 329.171 679.228 0.00303793 122 122 0 5 0 0 1422 0 682.667 248924 122-aaabj 
78400 239616 337 711.027 0.00296736 123 123 0 8 0 0 1428 0 711.027 249790 123-aaacl 
78500 241664 376 642.723 0.00265957 143 143 0 4 0 0 1429 0 642.723 250267 143-aaaco 
78600 226583 335.636 675.083 0.00297942 124 124 0 3 0 0 1429 0 676.571 250485 124-aaapq 
78700 237568 372 638.624 0.00268817 141 141 0 3 0 0 1434 0 638.624 250913 141-aaabl 
78800 238478 335.444 710.929 0.00298113 123 123 0 3 0 0 1434 0 713.143 251189 123-aaadb 
78900 243712 343 710.531 0.00291545 125 125 0 7 3 1 1438 0 710.531 251327 125-aaaee 
79000 243712 343 710.531 0.00291545 125 125 0 5 2 1 1439 0 710.531 251600 125-aaaeg 
79100 243712 342 712.608 0.00292398 125 125 0 3 1 1 1441 0 712.608 252167 125-aaaeo 
79200 225621 366.167 616.17 0.002731 141 141 0 4 0 0 1449 0 619.422 252594 141-aaabq 
79300 239616 336 713.143 0.00297619 123 123 0 3 0 0 1445 0 713.143 252248 123-aaadk 
79400 225280 366 615.519 0.00273224 140 140.083 0 4 0 0 1450 0 615.519 253047 140-aaads 
79500 240640 334.5 719.399 0.00298954 121 121 0 4 0 0 1452 0 721.385 253428 121-aaabn 
79600 245760 339 724.956 0.00294985 122 122 0 4 0 0 1453 0 724.956 253877 122-aaacb 
79700 245760 348 706.207 0.00287356 127 127 0 3 0 0 1456 1 706.207 254149 127-aaacv 
79800 242158 337.241 718.054 0.00296524 122 122 0 5 1 0 1455 0 721.041 254254 122-aaacj 
79900 244053 336.167 725.987 0.00297472 122 122 0 3 0 0 1460 0 729.258 254884 122-aaacq 
80000 244027 339.154 719.516 0.00294852 122 122 0 3 0 0 1460 0 722.824 255086 122-aaacz 
80100 251904 351 717.675 0.002849 128 128 0 4 0 0 1463 0 717.675 255615 128-aaabl 
80200 249856 385 648.977 0.0025974 146 146 0 3 0 0 1462 0 648.977 255797 146-aaabp 
80300 120832 332 363.952 0.00301205 121 121 0 3 0 0 1466 0 363.952 256216 121-aaace 
80400 288768 444 650.378 0.00225225 165 165 0 4 0 0 1468 0 650.378 256618 165-aaaae 
80500 251904 386 652.601 0.00259067 146 146 0 3 0 0 1465 0 652.601 256666 146-aaabu 
80600 237568 436 544.881 0.00229358 118 118 0 3 0 0 1471 0 544.881 257078 118-aaaba 
80700 251904 390 645.908 0.0025641 146 146 0 3 0 0 1474 0 645.908 257594 146-aaacd 
80800 245760 344 714.419 0.00290698 126 126 0 3 0 0 1474 0 714.419 257541 126-aaacg 
80900 247808 345 718.284 0.00289855 126 126 0 2 0 0 1481 0 718.284 258260 126-aaacn 
81000 247808 345 718.284 0.00289855 126 126 0 6 0 0 1482 0 718.284 258666 126-aaacs 
81100 256000 674 379.822 0.00148368 148 147.25 0 3 0 0 1477 0 379.822 258963 148-aaaam 
81200 245760 338 727.101 0.00295858 124 124 0 6 0 0 1489 0 727.101 259302 124-aaaqs 
81300 229376 430 533.433 0.00232558 116 116.4 0 4 0 0 1486 0 533.433 259646 116-aaabn 
81400 249856 345 724.22 0.00289855 126 126 0 3 0 0 1491 0 724.22 259987 126-aaads 
81500 245760 345 712.348 0.00289855 126 126 0 2 0 0 1486 0 712.348 260437 126-aaadx 
81600 249856 347 720.046 0.00288184 126 126 0 3 0 0 1491 0 720.046 260660 126-aaaec 
81700 251904 385 654.296 0.0025974 146 146 0 6 0 0 1495 0 654.296 261090 146-aaada 
81800 243712 385 633.018 0.0025974 145 145 0 3 0 0 1497 0 633.018 261413 145-aaaat 
81900 253952 409 620.91 0.00244499 128 128 0 2 0 0 1500 0 620.91 261697 128-aaabt 
82000 253952 409 620.91 0.00244499 128 128 0 3 0 0 1501 0 620.91 261894 128-aaabu 
82100 125952 345 365.078 0.00289855 127 127 0 4 0 0 1507 0 365.078 262252 127-aaadt 
82200 251904 350 719.726 0.00285714 128 128 0 5 0 0 1507 0 719.726 262810 128-aaacf 
82300 245760 377 651.883 0.00265252 144 144 0 5 0 0 1507 0 651.883 263044 144-aaabd 
82400 253952 351 723.51 0.002849 128 128 0 3 0 0 1509 0 723.51 263352 128-aaacj 
82500 251904 390 645.908 0.0025641 147 147 0 3 0 0 1513 0 645.908 263563 147-aaaam 
82600 249856 389 642.303 0.00257069 147 147 0 3 1 0 1516 0 642.303 264123 147-aaaas 
82700 245760 386 636.684 0.00259067 146 146.115 0 4 1 0 1517 0 636.684 264249 146-aaadl 
82800 245760 351 700.171 0.002849 128 128 0 3 0 0 1518 0 700.171 264544 128-aaacl 
82900 243712 385 633.018 0.0025974 146 146 0 3 0 0 1525 0 633.018 265105 146-aaads 
83000 243712 385 633.018 0.0025974 146 146 0 3 0 0 1528 0 633.018 265347 146-aaadv 
83100 243712 385 633.018 0.0025974 146 146 0 2 0 0 1529 0 633.018 265794 146-no_name 
83200 249856 411 607.922 0.00243309 128 128 0 3 0 0 1534 0 607.922 266191 128-aaacw 
83300 125856 357.5 352.523 0.00279721 128 128 0 2 0 0 1526 0 694.14 266426 128-no_name 
83400 288768 440 656.291 0.00227273 163 163 0 4 0 0 1536 0 656.291 266584 163-aaaao 
83500 249600 394.875 632.098 0.00253245 147 147 0 4 0 0 1531 0 632.547 267068 147-aaabi 
83600 286720 440 651.636 0.00227273 163 163 0 3 0 0 1541 0 651.636 267286 163-aaaar 
83700 247808 421 588.618 0.0023753 161 161 0 3 0 0 1533 0 588.618 267868 161-aaaan 
83800 255545 359.778 710.284 0.0027795 130 130 0 3 0 0 1537 0 711.111 268079 130-aaacx 
83900 278528 393 708.723 0.00254453 140 140 0 3 1 1 1545 0 708.723 268502 140-aaaeb 
84000 278528 453 614.852 0.00220751 170 170 0 3 0 0 1547 0 614.852 268846 170-aaaag 
84100 127898 400.9 319.026 0.00249439 150 150 0 4 0 0 1540 0 319.202 268953 150-aaace 
84200 252988 360.529 701.711 0.0027737 130 130 0 6 0 0 1545 0 703.468 269465 130-aaadi 
84300 251439 401.773 625.821 0.00248897 149 149 0 4 0 0 1547 0 626.627 269610 149-aaabc 
84400 251167 360.64 696.445 0.00277285 130 130 0 4 0 0 1548 0 697.795 269908 130-aaadv 
84500 251543 401.824 626.001 0.00248866 149 149 0 3 1 1 1548 0 626.627 269977 149-aaabe 
84600 251392 360.75 696.857 0.00277201 130 130 0 4 0 0 1553 0 697.795 270875 130-aaaek 
84700 252132 368.111 684.93 0.00271658 134 134 0 3 1 0 1551 0 688.217 271207 134-aaacu 
84800 253269 359.667 704.176 0.00278036 129 129 0 4 0 0 1564 0 705.422 271571 129-aaaea 
84900 251904 362 695.867 0.00276243 130 130 0 6 0 0 1561 0 695.867 271865 130-aaaer 
85000 254138 409.091 621.222 0.00244445 154 154 0 2 1 1 1555 0 624.39 271863 154-aaaal 
85100 250107 402.122 621.962 0.00248681 152 152 0 5 0 0 1554 0 625.072 271846 152-aaaaw 
85200 249856 402 621.527 0.00248757 152 152 0 5 0 0 1555 0 625.072 272722 152-aaaba 
85300 251904 359 701.682 0.00278552 130 130 0 4 0 0 1577 0 701.682 273139 130-aaafg 
85400 249856 361 692.122 0.00277008 130 130 0 5 0 0 1570 0 692.122 273410 130-aaafk 
85500 251904 403 625.072 0.00248139 150 150 0 3 0 0 1569 0 625.072 273275 150-aaacl 
85600 247808 359 690.273 0.00278552 130 130 0 6 0 0 1573 0 690.273 274022 130-aaafy 
85700 253484 360.771 702.614 0.00277184 130 130 0 3 1 0 1574 0 703.468 274291 130-aaage 
85800 247808 358 692.201 0.0027933 131 131 0 4 0 0 1575 0 692.201 274620 131-aaadv 
85900 250539 419.333 597.467 0.00238474 160 160 0 4 0 0 1586 0 599.771 275298 160-aaaai 
86000 250847 419.484 597.987 0.00238389 160 160 0 3 0 0 1586 0 599.771 275298 160-aaaai 
86100 248911 378.538 657.555 0.00264174 140 140 0 5 0 0 1585 0 659.251 275911 140-aaaeo 
86200 248764 378.467 657.291 0.00264225 140 140 0 4 0 0 1585 0 659.251 275911 140-aaaeo 
86300 249856 358 697.922 0.0027933 131 131 0 4 1 1 1585 0 697.922 276470 131-aaaeq 
86400 253099 394.583 641.431 0.00253432 148 148 0 4 0 0 1588 0 642.916 276750 148-aaabq 
86500 241664 392 616.49 0.00255102 147 147 0 4 0 0 1592 0 616.49 277300 147-aaabo 
86600 249856 358 697.922 0.0027933 131 131 0 3 2 0 1586 0 697.922 277112 131-aaaew 
86700 249856 356 701.843 0.00280899 131 131 0 3 0 0 1591 0 701.843 277930 131-aaafi 
86800 251904 356 707.596 0.00280899 131 131 0 3 0 0 1593 0 707.596 278307 131-aaafp 
86900 251904 359 701.682 0.00278552 131 131 0 4 0 0 1594 0 701.682 278573 131-aaafu 
87000 247808 374 662.588 0.0026738 139 139 0 5 0 0 1600 0 662.588 278874 139-aaadh 
87100 231424 367 630.583 0.0027248 139 139 0 4 1 1 1604 0 630.583 279354 139-aaadm 
87200 251408 394.758 636.864 0.0025332 151 151 0 5 0 0 1599 0 637.732 279475 151-aaabc 
87300 239177 377.786 633.101 0.00264701 142 142 0 4 0 0 1602 0 633.905 279988 142-aaacg 
87400 253747 395.9 640.937 0.00252589 151 151 0 3 0 0 1602 0 641.293 280352 151-aaabi 
87500 231424 351 659.328 0.002849 131 131 0 5 0 0 1604 0 659.328 280318 131-aaahh 
87600 231424 387 597.995 0.00258398 149 149 0 4 0 0 1620 0 597.995 280899 149-aaadh 
87700 253542 396.8 638.966 0.00252016 151 151 0 4 0 0 1611 0 639.678 281410 151-aaabs 
87800 243554 354.923 686.217 0.00281751 131 131 0 3 1 0 1613 0 686.513 281629 131-aaahq 
87900 241408 352.875 684.116 0.00283387 131 131 0 5 0 0 1616 0 684.601 282068 131-aaahx 
88000 243712 375 649.899 0.00266667 143 143 0 5 1 0 1619 0 649.899 282490 143-aaadq 
88100 237568 390 609.149 0.0025641 149 149 0 3 0 0 1621 0 609.149 282782 149-aaadr 
88200 243712 396 615.434 0.00252525 153 153 0 3 0 0 1626 0 615.434 283150 153-aaaaq 
88300 245760 362 678.895 0.00276243 133 133 0 3 2 1 1623 0 678.895 283496 133-aaafa 
88400 241664 378 639.323 0.0026455 143 143 0 8 3 1 1630 0 639.323 283788 143-aaaec 
88500 245329 378.789 647.664 0.00263999 143 143 0 4 0 0 1627 0 648.443 283922 143-aaaej 
88600 241664 378 639.323 0.0026455 142 142 0 3 1 1 1626 0 639.323 284269 142-aaacu 
88700 245445 371.846 660.07 0.00268929 140 140 0 5 0 0 1638 0 660.645 284917 140-aaaew 
88800 245760 372 660.645 0.00268817 140 140 0 3 0 0 1639 0 660.645 285351 140-aaaey 
88900 245760 352 698.182 0.00284091 130 130 0 2 0 0 1643 0 698.182 285750 130-aaagt 
89000 242726 349.519 694.455 0.00286108 129 129 0 6 0 0 1640 0 696.32 285805 129-aaafr 
89100 239057 406.727 587.757 0.00245865 129 129 0 4 2 2 1647 0 588.737 286366 129-aaafw 
89200 243302 371.8 654.389 0.00268962 140 140 0 5 2 1 1647 0 655.14 286629 140-aaafl 
89300 120576 354.75 339.889 0.00281889 129 129 0 3 0 0 1649 0 340.372 287067 129-aaagf 
89400 243371 409.833 593.827 0.00244002 129 129 0 3 2 1 1652 0 594.42 287442 129-aaagm 
89500 241664 375 644.437 0.00266667 139 139 0 4 0 0 1654 0 644.437 287571 139-aaaec 
89600 243712 355 686.513 0.0028169 132 132 0 3 0 0 1659 0 686.513 288288 132-aaadz 
89700 243419 376.857 645.918 0.00265353 143 143 0 4 0 0 1663 0 646.451 288620 143-aaafb 
89800 243127 358.714 677.771 0.00278774 133 133 0 3 1 0 1667 0 678.864 288945 133-aaafs 
89900 245760 358 686.48 0.0027933 133 133 0 4 0 0 1667 0 686.48 289353 133-aaafz 
90000 245139 357.697 685.325 0.00279567 133 133 0 4 1 0 1667 0 686.48 289383 133-aaagc 
90100 245760 362 678.895 0.00276243 133 133 0 4 0 0 1680 0 678.895 290042 133-aaago 
90200 247808 384 645.333 0.00260417 145 145 0 5 0 0 1674 0 645.333 290400 145-aaabp 
90300 249344 424.75 587.036 0.00235433 165 165 0 2 1 0 1676 0 587.896 290670 165-aaaaq 
90400 242119 355.222 681.597 0.00281514 133 133 0 5 1 1 1677 0 684.584 290939 133-aaagv 
90500 259724 395.818 656.168 0.00252641 149 149 0 5 0 0 1674 0 656.808 291327 149-aaadv 
90600 245099 358.677 683.34 0.00278803 133 133 0 6 1 0 1682 0 684.568 291587 133-aaahc 
90700 279893 452 619.233 0.00221239 162 140.667 0 4 0 0 1688 0 679.646 292142 162-aaaaj 
90800 240299 355.333 676.26 0.00281426 132 132 0 3 1 1 1685 0 678.831 292505 132-aaaeh 
90900 268743 392.222 685.179 0.00254958 146 144.667 0 4 0 0 1691 0 687.878 292733 146-aaaea 
91000 240101 356.237 673.991 0.00280713 133 133 0 5 0 0 1690 0 676.93 292787 133-aaahx 
91100 241664 380 635.958 0.00263158 145 145 0 3 2 1 1693 0 635.958 293453 145-aaacl 
91200 307200 451 681.153 0.00221729 163 163 0 3 0 0 1704 0 681.153 293819 163-aaaba 
91300 237909 355.167 669.851 0.00281558 132 132 0 3 0 0 1698 0 673.079 294103 132-aaael 
91400 307200 451 681.153 0.00221729 163 163 0 4 2 1 1707 0 681.153 294432 163-aaabg 
91500 309248 450 687.218 0.00222222 164 164 0 5 0 0 1709 0 687.218 294581 164-aaaat 
91600 270336 665 406.52 0.00150376 145 145 0 4 0 0 1704 0 406.52 294963 145-aaacw 
91700 247808 359 690.273 0.00278552 135 135 0 4 1 1 1714 0 690.273 295481 135-aaabw 
91800 241664 356 678.831 0.00280899 132 132 0 3 0 0 1709 0 678.831 295767 132-aaaer 
91900 241664 356 678.831 0.00280899 132 132 0 5 0 0 1709 0 678.831 295767 132-aaaer 
92000 260480 361.188 721.175 0.00276865 133 133 0 7 0 0 1716 0 724.155 296391 133-aaaip 
92100 260592 361.242 721.377 0.00276823 133 133 0 6 0 0 1716 0 724.155 296391 133-aaaip 
92200 264192 409 645.946 0.00244499 153 153 0 4 0 0 1718 0 645.946 297083 153-aaabe 
92300 260096 402 647.005 0.00248756 151 151 0 3 0 0 1724 0 647.005 297331 151-aaacd 
92400 262144 793 330.573 0.00126103 141 141 0 3 0 0 1723 0 330.573 297724 141-aaacl 
92500 262144 371 706.588 0.00269542 134 134 0 3 0 0 1728 0 706.588 297694 134-aaadi 
92600 260437 360.167 723.101 0.0027765 133 133 0 3 0 0 1724 0 726.161 298225 133-aaajo 
92700 260779 374.333 696.646 0.00267142 137 137 0 4 2 1 1731 0 699.051 298583 137-aaagh 
92800 254313 372.176 683.313 0.0026869 137 137 0 3 0 0 1731 0 686.327 298975 137-aaagj 
92900 256455 373.222 687.136 0.00267937 137 137 0 5 0 0 1731 0 689.968 299105 137-aaagk 
93000 265879 373.824 711.24 0.00267506 134 134 0 2 0 0 1740 0 711.872 299723 134-aaaem 
93100 262963 367.4 715.739 0.00272183 133 133 0 4 0 0 1741 0 717.913 300139 133-aaajw 
93200 265925 373.846 711.321 0.0026749 134 134 0 4 0 0 1743 0 711.872 300449 134-aaafd 
93300 265378 368.579 720 0.00271313 133 133 0 3 0 0 1744 0 721.518 300626 133-aaajy 
93400 264192 398 663.799 0.00251256 148 148 0 6 0 0 1749 0 663.799 301114 148-aaacc 
93500 267995 417.857 641.356 0.00239316 156 156 0 3 0 0 1750 0 641.837 301464 156-aaabg 
93600 264192 412 641.243 0.00242718 154 154 0 4 1 0 1749 0 641.243 301774 154-aaaaz 
93700 268288 418 641.837 0.00239234 156 156 0 3 0 0 1753 0 641.837 302215 156-aaabl 
93800 262554 368.2 713.072 0.00271592 133 133 0 3 0 0 1753 0 715.967 302475 133-aaakk 
93900 265167 413.476 641.31 0.00241852 154 154 0 4 0 0 1757 0 643.092 302546 154-aaabj 
94000 264850 414.321 639.237 0.00241359 154 154 0 5 0 0 1754 0 641.542 302717 154-aaabp 
94100 265070 412.429 642.703 0.00242467 154 154 0 2 2 2 1760 0 644.649 303469 154-aaabz 
94200 265809 458.789 579.369 0.00217965 178 178 0 4 1 1 1764 0 580.044 303187 178-aaaaf 
94300 264192 413 639.69 0.00242131 154 154 0 3 0 0 1762 0 639.69 304120 154-aaacm 
94400 267849 376.786 710.878 0.00265403 136 136 0 6 0 0 1773 0 711.639 304312 136-aaacq 
94500 157355 378.833 415.496 0.00263969 136 136 0 4 2 1 1778 0 709.757 304655 136-aaacv 
94600 261632 408.75 640.077 0.00244649 155 155 0 3 0 0 1776 0 640.939 305007 155-aaabf 
94700 259617 363.766 713.69 0.00274902 133 133 0 4 1 0 1775 0 714.549 304723 133-aaakr 
94800 261006 413.444 631.295 0.00241871 154 154 0 4 2 1 1773 0 633.198 305636 154-aaadb 
94900 259671 363.792 713.787 0.00274882 133 133 0 4 0 0 1776 0 714.549 305508 133-aaakv 
95000 263719 367.769 717.077 0.0027191 135 135 0 5 0 0 1786 0 717.913 306125 135-aaaca 
95100 260681 363.286 717.563 0.00275266 133 133 0 4 0 0 1781 0 720.176 306608 133-aaalh 
95200 131584 412.5 318.99 0.00242425 154 154 0 3 1 0 1779 0 319.845 306586 154-aaadi 
95300 260096 412 631.301 0.00242718 154 154 0 4 0 0 1780 0 631.301 307142 154-aaadp 
95400 269033 372.364 722.498 0.00268555 135 135 0 3 0 0 1798 0 724.761 307566 135-aaacp 
95500 263737 412.778 638.93 0.00242261 157 157 0 6 4 1 1796 0 639.69 307847 157-aaaaf 
95600 263646 412.733 638.779 0.00242287 157 157 0 3 0 0 1797 0 639.69 308088 157-aaaag 
95700 263680 412.75 638.836 0.00242278 157 157 0 2 2 1 1799 0 639.69 308572 157-aaaal 
95800 265671 413.722 642.147 0.00241708 157 157 0 3 0 0 1799 0 643.092 308642 157-aaaan 
95900 261254 410.565 636.325 0.00243567 154 154 0 4 0 0 1791 0 637.82 309006 154-aaael 
96000 267916 369.818 724.451 0.00270403 136 136 0 4 0 0 1802 0 725.103 309294 136-aaadh 
96100 261234 410.556 636.291 0.00243573 154 154 0 4 0 0 1793 0 637.82 309920 154-aaaeq 
96200 263680 370.75 711.205 0.00269724 135 135 0 4 1 1 1810 0 712.108 310092 135-aaadl 
96300 259511 367.714 705.738 0.00271951 135 135 0 5 0 0 1815 0 706.783 310551 135-aaadp 
96400 263747 366.783 719.08 0.00272641 135 135 0 3 0 0 1811 0 719.869 310570 135-aaads 
96500 263556 367.69 716.788 0.00271969 135 135 0 3 0 0 1813 0 717.913 310975 135-aaaed 
96600 263424 367.625 716.554 0.00272017 135 135 0 4 0 0 1816 0 717.913 311506 135-aaaey 
96700 261734 368.8 709.69 0.0027115 136 136 0 3 0 0 1822 0 710.417 311763 136-aaads 
96800 262144 368 712.348 0.00271739 135 135 0 5 0 0 1822 0 712.348 311683 135-aaafd 
96900 267605 369.667 723.908 0.00270514 135 135 0 4 1 1 1820 0 725.103 312500 135-aaafy 
97000 267641 369.684 723.971 0.00270502 135 135 0 3 0 0 1822 0 725.103 312654 135-aaagc 
97100 265694 370.733 716.669 0.00269736 135 135 0 5 0 0 1822 0 717.628 312903 135-aaagk 
97200 255647 364.828 700.732 0.00274102 135 135 0 3 1 0 1828 0 701.37 313138 135-aaagq 
97300 267776 370.75 722.253 0.00269724 135 135 0 5 2 1 1834 0 723.148 313827 135-aaahs 
97400 265655 369.714 718.539 0.0027048 135 135 0 3 0 0 1827 0 719.568 314136 135-aaaih 
97500 265830 371.8 714.981 0.00268962 135 135 0 4 0 0 1828 0 715.699 314220 135-aaaig 
97600 265588 369.682 718.422 0.00270503 135 135 0 4 0 0 1831 0 719.568 314576 135-aaaiy 
97700 264192 368 717.913 0.00271739 135 135 0 3 0 0 1834 0 717.913 314665 135-aaaiv 
97800 267630 417.679 640.753 0.00239419 157 157 0 3 0 0 1839 0 641.837 315012 157-aaabg 
97900 264192 371 712.108 0.00269542 135 135 0 3 0 0 1841 0 712.108 315339 135-aaajz 
98000 268288 418 641.837 0.00239234 157 157 0 3 0 0 1845 0 641.837 316061 157-aaabp 
98100 266240 373 713.78 0.00268097 135 135 0 5 0 0 1847 0 713.78 316362 135-aaakp 
98200 267028 371.385 719.004 0.00269263 135 135 0 5 0 0 1841 0 721.204 316636 135-aaakv 
98300 269271 371.48 724.858 0.00269194 135 135 0 6 1 1 1842 0 726.71 316810 135-aaaky 
98400 301056 433 695.279 0.00230947 157 157 0 3 0 0 1856 0 695.279 317273 157-aaacb 
98500 264192 368 717.913 0.00271739 135 135 0 4 0 0 1857 0 717.913 317463 135-aaalm 
98600 264192 368 717.913 0.00271739 135 135 0 4 1 0 1854 0 717.913 317525 135-aaalo 
98700 264192 368 717.913 0.00271739 135 135 0 4 0 0 1854 0 717.913 317525 135-aaalo 
98800 265811 366.79 724.692 0.00272636 134 134 0 6 2 0 1855 0 725.45 318400 134-aaagz 
98900 309248 458 675.214 0.00218341 156 156 0 4 0 0 1863 0 675.214 318973 156-aaaci 
99000 268288 506 530.213 0.00197628 135 135 0 3 0 0 1861 0 530.213 319273 135-aaamv 
99100 259072 365.5 708.813 0.00273598 134 134 0 5 1 1 1872 0 710.645 319560 134-aaahq 
99200 259140 366.533 707.001 0.00272827 134 134 0 4 0 0 1870 0 708.708 319608 134-aaahr 
99300 258958 365.444 708.609 0.0027364 134 134 0 4 0 0 1873 0 710.645 320147 134-aaahz 
99400 309248 499 619.735 0.00200401 177 177 0 3 0 0 1870 0 619.735 320421 177-aaaad 
99500 297344 423.188 702.628 0.00236302 155 155 0 3 0 0 1887 0 705.208 320525 155-aaabw 
99600 257472 372.719 690.792 0.00268299 137 137 0 5 0 0 1876 0 691.818 320745 137-aaagw 
99700 257418 373.692 688.848 0.002676 137 137 0 4 0 0 1879 0 689.968 321430 137-aaagz 
99800 261120 367 711.499 0.0027248 133 133 0 3 0 0 1885 0 714.289 321581 133-aaami 
99900 260437 369.167 705.472 0.00270881 135 135 0 2 2 0 1889 0 708.497 322191 135-aaanh 
100000 266240 375 709.973 0.00266667 137 137 0 4 0 0 1888 0 709.973 322051 137-aaahh 
