# Avida tasks data
# Thu Jan 31 20:05:34 2019
# First column gives the current update, next columns give the number
# of organisms that have the particular task as a component of their merit
#  1: Update
#  2: Not
#  3: Nand
#  4: And
#  5: OrNot
#  6: Or
#  7: AndNot
#  8: Nor
#  9: Xor
# 10: Equals

0 0 0 0 0 0 0 0 0 0 
100 0 0 0 0 0 0 0 0 0 
200 0 0 0 0 0 0 0 0 0 
300 0 0 0 0 0 0 0 0 0 
400 0 0 0 0 0 0 0 0 0 
500 0 0 0 0 0 0 0 0 0 
600 0 0 0 0 0 0 0 0 0 
700 0 0 0 0 0 0 0 0 0 
800 0 0 0 0 0 0 0 0 0 
900 0 0 0 0 0 0 0 0 0 
1000 0 0 0 0 0 0 0 0 0 
1100 0 0 0 0 0 0 0 0 0 
1200 0 0 0 0 0 0 0 0 0 
1300 0 0 0 0 0 0 0 0 0 
1400 0 0 0 0 0 0 0 0 0 
1500 0 0 0 0 0 0 0 0 0 
1600 0 0 0 0 0 0 0 0 0 
1700 0 0 0 0 0 0 0 0 0 
1800 0 0 0 0 0 0 0 0 0 
1900 0 0 0 0 0 0 0 0 0 
2000 0 0 0 0 0 0 0 0 0 
2100 0 0 0 0 0 0 0 0 0 
2200 0 0 0 0 0 0 0 0 0 
2300 0 0 0 0 0 0 0 0 0 
2400 0 0 0 0 0 0 0 0 0 
2500 0 0 0 0 0 0 0 0 0 
2600 0 0 0 0 0 0 0 0 0 
2700 0 0 0 0 0 0 0 0 0 
2800 0 0 0 0 0 0 0 0 0 
2900 0 0 0 0 0 0 0 0 0 
3000 0 0 0 0 0 0 0 0 0 
3100 0 0 0 0 0 0 0 0 0 
3200 0 0 0 0 0 0 0 0 0 
3300 0 0 0 0 0 0 0 0 0 
3400 0 0 0 0 0 0 0 0 0 
3500 0 0 0 0 0 0 0 0 0 
3600 0 0 0 0 0 0 0 0 0 
3700 0 0 0 0 0 0 0 0 0 
3800 0 0 0 0 0 0 0 0 0 
3900 0 0 0 0 0 0 0 0 0 
4000 0 0 0 0 0 0 0 0 0 
4100 0 0 0 0 0 0 0 0 0 
4200 0 0 0 0 0 0 0 0 0 
4300 2 0 0 0 0 0 0 0 0 
4400 0 18 0 0 0 0 0 0 0 
4500 0 64 0 0 0 0 0 0 0 
4600 0 76 0 0 0 0 0 0 0 
4700 7 85 0 0 0 0 0 0 0 
4800 49 92 0 0 0 0 0 0 0 
4900 63 90 0 0 0 0 0 0 0 
5000 76 94 0 0 0 0 0 0 0 
5100 81 87 0 0 0 0 0 0 0 
5200 79 85 0 2 0 0 0 0 0 
5300 92 88 0 0 0 0 0 0 0 
5400 72 64 0 30 0 0 0 0 0 
5500 81 33 0 57 0 0 0 0 0 
5600 87 12 0 79 0 0 0 0 0 
5700 89 2 0 91 0 0 0 0 0 
5800 89 8 0 85 0 0 0 0 0 
5900 92 0 0 97 0 0 0 0 0 
6000 85 0 0 90 0 0 0 0 0 
6100 90 4 0 92 0 0 0 0 0 
6200 81 1 0 94 0 0 0 0 0 
6300 93 0 0 94 0 0 0 0 0 
6400 89 23 0 89 0 0 0 0 0 
6500 82 31 0 91 0 0 0 0 0 
6600 74 46 0 91 0 0 0 0 0 
6700 93 62 0 94 2 0 0 0 0 
6800 85 82 0 90 0 0 0 0 0 
6900 86 81 0 95 0 0 0 0 0 
7000 87 87 0 93 0 0 0 0 0 
7100 86 88 0 89 0 0 0 0 0 
7200 86 93 0 90 0 0 0 0 0 
7300 89 93 0 91 0 0 0 0 0 
7400 85 86 0 91 0 0 0 0 0 
7500 94 96 0 96 0 0 0 0 0 
7600 98 97 0 99 0 0 0 0 0 
7700 91 89 0 93 0 0 0 0 0 
7800 94 88 0 98 1 0 0 0 0 
7900 91 88 0 93 0 0 0 0 0 
8000 89 86 0 93 0 0 0 0 0 
8100 96 94 0 91 0 0 0 0 0 
8200 96 97 0 93 0 0 0 0 0 
8300 87 88 0 87 0 0 0 0 0 
8400 92 86 0 89 0 0 0 0 0 
8500 88 82 0 89 6 0 0 0 0 
8600 77 77 0 90 14 0 0 0 0 
8700 52 52 0 93 32 0 0 0 0 
8800 33 27 0 94 60 8 0 0 0 
8900 2 1 0 93 91 73 0 0 0 
9000 2 1 0 89 92 85 0 0 0 
9100 0 0 0 95 95 85 0 0 0 
9200 2 0 0 89 90 73 0 0 0 
9300 1 0 0 91 89 88 0 0 0 
9400 4 4 0 83 85 73 0 0 0 
9500 2 2 0 93 95 87 0 0 0 
9600 1 0 0 86 90 69 0 0 0 
9700 4 3 0 90 89 78 0 0 0 
9800 1 0 0 93 92 80 0 0 0 
9900 0 0 0 89 92 75 0 0 0 
10000 2 1 0 96 92 80 0 0 0 
10100 0 2 0 91 86 75 0 0 0 
10200 0 2 0 90 92 68 0 0 0 
10300 4 2 0 91 91 71 0 0 0 
10400 0 2 0 92 90 78 0 0 0 
10500 3 5 0 92 83 79 0 0 0 
10600 1 4 0 92 89 77 0 0 0 
10700 5 2 0 89 90 76 0 0 0 
10800 6 1 0 93 89 83 0 0 0 
10900 2 2 0 91 86 76 0 0 0 
11000 1 1 0 91 90 76 0 0 0 
11100 2 2 0 93 91 75 0 0 0 
11200 2 2 0 88 91 76 0 0 0 
11300 0 2 0 93 88 81 0 0 0 
11400 0 5 0 93 94 77 0 0 0 
11500 1 0 0 94 88 71 0 0 0 
11600 2 2 0 94 90 83 0 0 0 
11700 2 1 0 95 90 79 0 0 0 
11800 4 0 0 88 84 81 0 0 0 
11900 0 0 0 96 98 88 0 0 0 
12000 0 0 0 96 89 79 0 0 0 
12100 1 0 0 93 93 76 0 0 0 
12200 2 2 0 98 92 84 0 0 0 
12300 5 1 0 93 95 87 0 0 0 
12400 5 0 0 87 89 69 0 0 0 
12500 1 3 0 92 90 80 0 0 0 
12600 2 0 0 87 91 77 0 0 0 
12700 3 0 0 86 86 74 0 0 0 
12800 2 1 0 93 94 86 0 0 0 
12900 0 0 0 92 96 84 0 0 0 
13000 4 1 0 77 84 72 0 0 0 
13100 0 0 0 93 85 79 0 0 0 
13200 5 1 0 90 89 69 0 0 0 
13300 2 0 0 74 84 62 0 0 0 
13400 7 0 0 91 89 80 0 0 0 
13500 1 0 0 95 92 83 0 0 0 
13600 2 3 0 92 86 79 0 0 0 
13700 28 3 0 92 90 80 0 0 0 
13800 60 0 0 87 90 73 0 0 0 
13900 81 1 0 87 93 77 0 0 0 
14000 83 0 0 83 87 68 0 0 0 
14100 90 2 0 89 85 76 0 0 0 
14200 96 1 0 88 89 71 0 0 0 
14300 89 1 0 92 88 84 0 0 0 
14400 87 0 0 84 84 78 0 0 0 
14500 90 4 0 88 87 81 0 0 0 
14600 84 1 0 84 87 69 0 0 0 
14700 94 2 0 93 95 82 0 0 0 
14800 87 5 0 91 84 76 0 0 0 
14900 90 3 0 90 87 81 0 0 0 
15000 94 1 0 87 92 77 0 0 0 
15100 93 1 0 95 92 87 0 0 0 
15200 83 2 0 88 85 75 5 0 0 
15300 93 1 0 89 90 79 5 0 0 
15400 89 0 0 89 92 79 0 0 0 
15500 87 4 0 90 88 81 0 0 0 
15600 85 1 0 89 88 79 0 0 0 
15700 84 1 0 86 86 80 0 0 0 
15800 86 2 0 84 83 74 0 0 0 
15900 86 1 0 91 85 81 0 0 0 
16000 96 2 0 93 90 89 0 0 0 
16100 92 0 0 90 86 76 0 0 0 
16200 90 2 0 97 89 80 0 0 0 
16300 87 0 0 95 95 84 0 0 0 
16400 88 0 0 93 93 87 0 0 0 
16500 94 1 0 94 93 89 0 0 0 
16600 94 0 0 94 97 88 0 0 0 
16700 83 0 0 95 90 89 0 0 0 
16800 88 1 0 93 95 86 0 0 0 
16900 86 2 0 91 92 83 0 0 0 
17000 93 0 0 87 94 88 0 0 0 
17100 86 0 0 90 86 85 0 0 0 
17200 93 1 0 91 90 82 0 0 0 
17300 96 4 0 93 91 82 0 0 0 
17400 95 1 0 94 94 85 0 0 0 
17500 86 4 0 89 89 76 0 0 0 
17600 90 0 0 90 89 81 0 0 0 
17700 92 2 0 89 92 80 2 0 0 
17800 88 1 0 91 88 84 0 0 0 
17900 86 0 0 90 88 86 0 0 0 
18000 90 2 0 86 85 81 0 0 0 
18100 87 1 0 92 96 86 0 0 0 
18200 95 0 0 90 94 85 0 0 0 
18300 97 0 0 95 94 91 0 0 0 
18400 93 2 0 91 93 85 0 0 0 
18500 94 0 0 91 88 81 0 0 0 
18600 91 0 0 85 89 83 0 0 0 
18700 92 0 0 90 89 81 0 0 0 
18800 91 1 0 92 91 83 0 0 0 
18900 91 4 0 90 88 83 0 0 0 
19000 89 2 0 89 91 81 0 0 0 
19100 96 0 0 95 95 88 0 0 0 
19200 96 0 0 94 91 85 0 0 0 
19300 91 1 0 90 89 82 0 0 0 
19400 99 0 0 93 96 86 0 0 0 
19500 93 2 0 92 88 90 0 0 0 
19600 96 0 0 99 97 98 1 0 0 
19700 97 1 0 90 95 89 0 0 0 
19800 87 2 0 83 88 77 0 0 0 
19900 96 0 0 85 90 75 0 0 0 
20000 85 1 0 92 89 86 0 0 0 
20100 91 0 0 88 89 85 0 0 0 
20200 96 2 0 91 91 85 0 0 0 
20300 96 0 0 93 92 92 0 0 0 
20400 90 0 0 87 93 86 0 0 0 
20500 88 4 0 87 83 78 0 0 0 
20600 90 2 0 83 86 80 0 0 0 
20700 92 0 0 90 87 83 0 0 0 
20800 95 0 0 88 91 87 0 0 0 
20900 88 0 0 90 86 84 0 0 0 
21000 89 0 0 78 80 66 0 0 0 
21100 93 0 0 84 92 84 0 0 0 
21200 91 0 0 88 90 81 0 0 0 
21300 96 0 0 94 94 88 0 0 0 
21400 92 0 0 83 86 77 0 0 0 
21500 91 0 0 84 81 80 0 0 0 
21600 90 0 0 83 82 78 0 0 0 
21700 93 1 0 89 85 85 0 0 0 
21800 91 0 0 86 87 80 1 0 0 
21900 86 0 0 80 85 74 0 0 0 
22000 94 0 0 93 96 90 0 0 0 
22100 91 1 0 88 85 81 0 0 0 
22200 86 1 0 90 84 81 0 0 0 
22300 93 0 0 96 89 85 0 0 0 
22400 94 0 0 91 95 88 0 0 0 
22500 92 0 0 100 88 85 0 0 0 
22600 83 0 0 88 88 83 0 0 0 
22700 86 0 0 89 89 82 0 0 0 
22800 91 0 0 92 91 83 0 0 0 
22900 93 0 0 92 87 87 0 0 0 
23000 89 0 0 89 86 81 0 0 0 
23100 91 1 0 84 87 68 5 0 0 
23200 90 2 0 95 94 88 2 0 0 
23300 94 0 0 91 92 88 0 0 0 
23400 91 0 0 91 92 90 0 0 0 
23500 93 0 0 90 92 86 0 0 0 
23600 90 4 0 89 88 86 0 0 0 
23700 93 0 0 96 95 83 0 0 0 
23800 88 0 0 94 92 85 0 0 0 
23900 89 2 0 91 91 87 3 0 0 
24000 93 0 0 93 93 92 0 0 0 
24100 91 4 0 93 89 81 0 0 0 
24200 97 0 0 85 86 85 0 0 0 
24300 97 0 0 93 98 89 0 0 0 
24400 92 0 0 92 91 88 0 0 0 
24500 92 0 0 94 92 92 0 0 0 
24600 93 0 0 94 93 87 0 0 0 
24700 95 0 0 92 88 83 0 0 0 
24800 97 0 0 89 87 80 0 0 0 
24900 96 0 0 96 96 94 0 0 0 
25000 93 0 0 94 93 87 0 0 0 
25100 89 0 0 93 92 88 1 0 0 
25200 94 0 0 91 85 83 0 0 0 
25300 93 0 0 91 93 87 0 0 0 
25400 92 0 0 95 94 85 0 0 0 
25500 80 1 0 90 86 81 0 0 0 
25600 94 0 0 93 95 86 0 0 0 
25700 90 2 0 88 84 81 0 0 0 
25800 91 0 0 86 86 83 0 0 0 
25900 89 0 0 92 89 85 0 0 0 
26000 97 1 0 94 94 90 0 0 0 
26100 84 0 0 85 88 81 0 0 0 
26200 99 0 0 84 92 83 0 0 0 
26300 92 0 0 94 91 87 0 0 0 
26400 88 0 0 88 82 80 0 0 0 
26500 93 0 0 84 89 77 2 0 0 
26600 88 0 0 96 94 90 0 0 0 
26700 94 0 0 91 90 88 0 0 0 
26800 94 2 0 89 88 81 0 0 0 
26900 93 0 0 84 94 82 2 0 0 
27000 97 0 0 97 92 90 0 0 0 
27100 89 4 0 89 84 85 0 0 0 
27200 93 0 0 84 85 79 0 0 0 
27300 96 1 0 95 92 92 0 0 0 
27400 94 2 0 91 90 82 0 0 0 
27500 95 1 0 93 89 88 0 0 0 
27600 97 0 0 94 93 87 0 0 0 
27700 93 1 0 91 92 88 0 0 0 
27800 95 1 0 92 86 86 0 0 0 
27900 96 0 0 93 89 84 0 0 0 
28000 94 1 0 96 95 94 0 0 0 
28100 94 2 0 93 91 90 0 0 0 
28200 91 1 0 92 91 88 0 0 0 
28300 97 0 0 94 94 91 0 0 0 
28400 96 0 0 89 95 86 0 0 0 
28500 100 0 0 96 97 88 0 0 0 
28600 90 2 0 88 81 81 0 0 0 
28700 87 2 0 87 79 72 0 0 0 
28800 95 0 0 90 94 87 0 0 0 
28900 96 0 0 92 94 87 0 0 0 
29000 97 0 0 84 90 83 0 0 0 
29100 97 0 0 93 92 87 0 0 0 
29200 96 0 0 92 91 90 0 0 0 
29300 98 0 0 97 98 95 0 0 0 
29400 96 0 0 90 94 89 0 0 0 
29500 96 0 0 94 94 90 0 0 0 
29600 95 1 0 94 95 91 0 0 0 
29700 94 0 0 88 93 84 0 0 0 
29800 94 1 0 90 87 83 0 0 0 
29900 89 3 0 94 89 83 0 0 0 
30000 96 1 0 94 92 87 0 0 0 
30100 92 0 0 97 92 93 0 0 0 
30200 93 1 0 92 89 86 0 0 0 
30300 97 2 0 93 97 89 0 0 0 
30400 82 7 0 89 82 79 0 0 0 
30500 97 24 0 94 95 91 0 1 0 
30600 92 75 1 93 93 88 0 0 0 
30700 94 90 0 96 92 89 0 0 0 
30800 97 94 0 92 97 91 0 0 0 
30900 98 87 0 97 97 97 0 0 0 
31000 96 87 1 94 91 91 0 0 0 
31100 90 82 2 93 87 84 0 0 0 
31200 93 94 0 94 92 89 0 0 0 
31300 92 92 0 90 91 81 0 0 0 
31400 89 92 3 87 88 83 0 0 0 
31500 96 93 1 94 95 91 0 0 0 
31600 93 92 1 93 93 93 0 0 0 
31700 91 82 0 92 93 87 0 0 0 
31800 89 89 0 95 94 88 0 0 0 
31900 92 86 0 91 91 91 0 0 0 
32000 91 94 0 93 94 88 0 0 0 
32100 88 86 0 88 83 81 0 0 0 
32200 93 82 2 92 87 81 0 0 0 
32300 97 91 1 92 90 83 0 0 0 
32400 97 94 0 89 86 81 0 0 0 
32500 88 93 2 90 85 85 0 0 0 
32600 90 96 2 94 92 91 0 0 0 
32700 90 87 0 93 95 87 0 0 0 
32800 84 86 0 86 85 82 0 0 0 
32900 95 95 1 90 93 87 0 0 0 
33000 93 92 0 94 93 90 0 0 0 
33100 94 94 0 92 94 88 0 0 0 
33200 92 91 0 93 88 83 0 1 0 
33300 91 96 2 93 86 80 0 0 0 
33400 93 78 2 91 93 90 0 0 0 
33500 97 84 1 95 93 90 0 0 0 
33600 98 83 0 91 92 86 0 0 0 
33700 96 91 1 96 89 88 0 0 0 
33800 93 94 0 94 97 78 0 0 0 
33900 90 89 0 90 83 82 0 0 0 
34000 94 93 1 95 91 84 0 0 0 
34100 94 90 0 95 93 93 0 0 0 
34200 89 92 0 89 89 86 0 0 0 
34300 96 73 0 90 94 84 0 0 0 
34400 92 89 0 93 94 95 0 2 0 
34500 91 94 3 88 87 85 0 4 0 
34600 94 93 0 92 94 86 0 2 0 
34700 95 97 2 91 95 88 0 0 0 
34800 90 90 2 92 86 85 0 0 0 
34900 90 71 0 91 89 80 0 0 0 
35000 86 88 0 94 85 87 0 0 0 
35100 91 88 1 89 87 83 0 0 0 
35200 91 87 3 89 90 86 0 0 0 
35300 90 91 2 93 97 91 0 0 0 
35400 93 86 1 88 90 86 0 0 0 
35500 91 91 2 82 93 80 1 0 0 
35600 90 80 0 93 89 91 0 0 0 
35700 97 85 0 91 88 82 0 0 0 
35800 94 96 0 92 91 82 0 0 0 
35900 92 97 0 89 89 82 0 0 0 
36000 93 85 2 94 88 88 0 0 0 
36100 91 90 0 93 92 87 0 0 0 
36200 88 87 2 89 91 79 0 0 0 
36300 94 92 0 98 95 91 0 0 0 
36400 87 88 3 89 95 87 0 0 0 
36500 79 86 2 86 83 77 0 0 0 
36600 95 82 2 92 90 83 0 0 0 
36700 90 86 0 92 93 90 0 0 0 
36800 90 91 0 92 92 86 0 0 0 
36900 94 88 0 95 92 88 0 0 0 
37000 94 92 2 87 90 83 0 0 0 
37100 97 96 1 86 88 81 0 0 0 
37200 90 80 0 86 87 79 0 0 0 
37300 93 86 1 90 93 88 0 0 0 
37400 93 86 0 94 95 88 0 0 0 
37500 92 84 1 89 92 82 0 0 0 
37600 95 95 0 98 93 94 0 0 0 
37700 88 89 1 90 89 84 0 0 0 
37800 93 93 0 90 89 81 0 0 0 
37900 94 87 0 85 84 82 2 0 0 
38000 99 88 1 87 91 86 0 0 0 
38100 86 88 0 79 83 75 0 0 0 
38200 89 81 2 91 83 72 0 0 0 
38300 97 88 0 95 95 82 0 0 0 
38400 88 94 0 92 94 88 0 0 0 
38500 93 92 0 91 91 86 0 0 0 
38600 93 88 3 85 88 83 0 0 0 
38700 94 88 1 88 93 84 0 0 0 
38800 95 97 1 87 94 83 0 0 0 
38900 95 91 0 93 92 84 0 0 0 
39000 88 91 1 94 91 83 0 0 0 
39100 91 91 0 90 94 81 0 0 0 
39200 92 95 1 89 94 82 0 0 0 
39300 87 94 3 85 87 82 0 0 0 
39400 88 84 0 87 92 83 0 0 0 
39500 91 90 2 86 93 83 2 0 0 
39600 93 88 0 93 92 87 2 3 0 
39700 89 91 0 86 89 80 2 0 0 
39800 91 97 0 93 89 90 0 0 0 
39900 100 93 0 96 96 93 0 0 0 
40000 93 91 0 91 96 85 2 0 0 
40100 93 85 2 93 87 78 0 0 0 
40200 92 93 0 90 89 87 0 0 0 
40300 89 89 0 87 85 82 0 0 0 
40400 97 92 0 92 96 85 0 0 0 
40500 92 95 2 92 97 86 0 0 0 
40600 93 98 0 95 92 88 0 0 0 
40700 96 82 0 94 95 88 0 0 0 
40800 98 83 0 90 96 91 0 0 0 
40900 93 98 1 84 84 74 0 0 0 
41000 91 84 0 91 90 81 0 0 0 
41100 93 91 0 93 90 83 0 0 0 
41200 98 78 0 96 94 86 0 0 0 
41300 93 83 0 89 93 83 0 0 0 
41400 84 87 1 91 90 86 0 0 0 
41500 86 88 1 88 89 72 2 1 0 
41600 93 90 0 94 91 83 0 0 0 
41700 95 93 0 88 94 85 0 0 0 
41800 94 90 1 91 89 86 0 0 0 
41900 92 89 0 92 92 87 0 0 0 
42000 93 93 1 91 93 82 2 0 0 
42100 95 91 1 97 93 88 0 0 0 
42200 95 94 2 87 91 83 0 0 0 
42300 93 88 0 87 89 84 0 0 0 
42400 92 86 0 92 92 89 1 0 0 
42500 85 88 0 91 89 85 0 0 0 
42600 90 89 0 91 86 79 0 0 0 
42700 93 91 1 90 94 88 0 0 0 
42800 88 86 1 83 93 79 0 0 0 
42900 91 83 1 86 87 72 0 0 0 
43000 85 91 0 96 88 85 0 1 0 
43100 93 83 0 91 94 87 0 0 0 
43200 94 83 0 88 90 81 0 0 0 
43300 84 85 0 86 82 87 1 8 0 
43400 81 84 6 81 78 74 0 5 0 
43500 82 87 0 83 78 81 4 14 0 
43600 73 82 2 85 69 83 0 22 0 
43700 88 80 0 88 88 81 0 5 0 
43800 87 87 0 87 86 84 0 7 0 
43900 96 85 0 94 95 88 0 1 0 
44000 95 84 0 96 92 93 0 1 0 
44100 95 89 1 94 95 80 0 0 0 
44200 90 89 0 89 91 77 0 0 0 
44300 80 80 3 82 84 72 1 0 0 
44400 91 89 0 81 86 80 1 0 0 
44500 88 89 3 85 86 77 0 0 0 
44600 94 85 0 92 94 87 2 0 0 
44700 94 87 0 93 92 83 2 0 0 
44800 89 86 0 96 84 84 0 0 0 
44900 89 78 1 92 89 85 0 0 0 
45000 88 92 3 81 88 77 2 0 0 
45100 88 92 1 90 89 77 0 0 0 
45200 88 86 0 83 88 76 2 0 0 
45300 94 79 2 81 90 78 2 0 0 
45400 94 84 1 86 90 78 4 0 0 
45500 91 75 0 85 89 78 1 0 0 
45600 86 88 0 82 84 68 0 0 0 
45700 93 89 0 91 91 91 0 0 0 
45800 84 82 1 88 86 81 0 0 0 
45900 89 81 2 83 88 78 0 0 0 
46000 92 79 0 89 85 82 0 0 0 
46100 92 90 1 90 92 85 0 0 0 
46200 81 82 3 82 82 74 0 0 0 
46300 87 84 2 88 88 86 0 0 0 
46400 88 90 0 87 89 85 0 0 0 
46500 92 90 0 95 95 87 0 0 0 
46600 89 88 1 89 91 76 0 0 0 
46700 86 86 0 82 80 80 0 0 0 
46800 97 86 0 94 94 86 0 0 0 
46900 87 81 0 95 92 84 0 0 0 
47000 84 81 0 80 87 81 2 0 0 
47100 92 82 0 93 91 84 0 0 0 
47200 81 77 6 81 81 78 0 0 0 
47300 92 82 2 92 95 82 0 0 0 
47400 91 85 0 91 92 86 0 0 0 
47500 89 81 0 87 90 81 0 0 0 
47600 88 74 1 89 87 87 0 0 0 
47700 90 89 2 83 86 79 0 0 0 
47800 87 85 0 84 80 70 0 0 0 
47900 85 79 0 87 84 82 0 0 0 
48000 93 93 1 88 90 82 0 0 0 
48100 88 87 0 84 87 77 0 0 0 
48200 88 87 0 94 88 88 0 0 0 
48300 91 93 2 92 92 91 0 0 0 
48400 88 93 1 91 88 85 0 0 0 
48500 97 85 0 93 96 93 0 0 0 
48600 85 89 2 82 80 73 0 0 0 
48700 91 83 0 90 93 89 0 0 0 
48800 88 93 0 91 91 87 0 0 0 
48900 93 86 1 92 96 89 0 0 0 
49000 86 91 0 86 90 80 1 0 0 
49100 98 90 0 94 90 86 0 0 0 
49200 94 89 2 91 88 81 0 0 0 
49300 89 90 0 91 89 82 0 0 0 
49400 91 93 2 82 90 83 0 0 0 
49500 90 84 0 92 91 88 0 0 0 
49600 95 95 0 94 97 87 0 0 0 
49700 91 88 2 87 83 73 0 0 0 
49800 84 85 3 81 83 76 0 0 0 
49900 89 74 1 91 90 81 0 0 0 
50000 88 62 0 83 84 78 0 0 0 
50100 93 86 1 92 94 83 0 0 0 
50200 86 84 4 85 87 82 0 0 0 
50300 94 87 2 96 92 83 0 0 0 
50400 97 85 0 97 94 89 0 0 0 
50500 92 88 1 89 94 88 0 0 0 
50600 97 79 0 93 96 86 0 0 0 
50700 86 90 0 94 90 80 0 0 0 
50800 95 81 0 91 91 87 0 0 0 
50900 88 84 5 81 83 75 0 0 0 
51000 92 90 0 87 92 82 1 0 0 
51100 92 94 0 93 93 85 0 0 0 
51200 91 95 0 93 90 83 0 0 0 
51300 89 86 0 85 92 81 0 0 0 
51400 88 90 0 88 88 77 0 0 0 
51500 90 90 1 91 89 87 0 0 0 
51600 96 79 0 89 91 85 0 0 0 
51700 88 92 0 92 89 85 0 2 0 
51800 90 91 0 94 93 87 0 0 0 
51900 87 87 0 89 90 85 1 0 0 
52000 97 85 2 89 92 84 0 0 0 
52100 93 94 0 96 93 85 0 0 0 
52200 87 93 1 86 89 84 1 0 0 
52300 89 94 3 82 86 79 0 2 0 
52400 87 93 0 87 88 79 0 0 0 
52500 93 94 0 94 92 90 0 0 0 
52600 89 94 2 90 89 83 0 0 0 
52700 95 93 1 90 89 84 0 0 0 
52800 93 89 3 85 90 84 0 0 0 
52900 90 92 1 88 90 84 0 0 0 
53000 86 84 3 79 88 77 0 0 0 
53100 95 88 0 94 93 89 0 0 0 
53200 93 78 0 89 90 83 3 0 0 
53300 98 78 0 88 95 82 0 0 0 
53400 96 87 0 88 92 79 0 0 0 
53500 86 95 1 90 85 82 0 0 0 
53600 94 94 0 88 91 84 0 0 0 
53700 94 89 0 91 95 86 0 0 0 
53800 95 84 0 96 95 88 0 0 0 
53900 91 79 1 94 91 89 0 0 0 
54000 85 89 0 82 83 74 0 0 0 
54100 96 87 0 89 93 81 0 0 0 
54200 95 84 0 93 97 94 0 0 0 
54300 96 91 0 90 95 84 0 0 0 
54400 89 84 2 87 84 80 0 0 0 
54500 97 92 0 97 92 93 0 0 0 
54600 96 83 0 92 95 89 0 0 0 
54700 97 89 1 92 90 87 0 0 0 
54800 81 84 4 78 83 71 0 0 0 
54900 87 87 1 96 91 86 0 0 0 
55000 95 89 0 93 92 86 0 0 0 
55100 94 95 0 94 92 91 0 0 0 
55200 90 91 1 84 86 79 0 0 0 
55300 97 88 2 90 91 85 0 0 0 
55400 93 89 1 92 91 85 0 0 0 
55500 87 86 0 87 86 80 0 0 0 
55600 88 92 1 86 88 86 0 0 0 
55700 92 85 2 93 97 88 0 0 0 
55800 86 94 0 94 95 89 0 0 0 
55900 86 83 1 84 80 73 0 0 0 
56000 88 92 2 90 90 81 0 0 0 
56100 93 87 0 91 91 82 0 0 0 
56200 84 83 2 86 90 82 1 0 0 
56300 94 91 0 88 95 84 0 0 0 
56400 92 89 0 96 90 81 0 2 0 
56500 87 91 1 85 80 74 0 0 0 
56600 91 72 3 85 85 83 1 0 0 
56700 92 79 0 91 91 86 0 0 0 
56800 95 80 3 89 93 90 0 0 0 
56900 85 85 0 90 86 79 0 0 0 
57000 95 95 1 97 95 94 0 0 0 
57100 91 84 0 93 93 91 0 0 0 
57200 91 85 2 86 84 80 0 0 0 
57300 92 83 0 85 86 83 1 0 0 
57400 98 92 0 94 93 92 2 0 0 
57500 84 84 3 88 88 86 0 0 0 
57600 94 87 0 88 94 84 1 0 0 
57700 94 86 1 92 90 90 0 0 0 
57800 85 96 3 84 87 78 0 0 0 
57900 97 85 0 94 95 88 1 0 0 
58000 94 82 1 88 92 84 2 0 0 
58100 97 86 0 85 94 83 1 0 0 
58200 95 90 0 95 94 90 0 0 0 
58300 94 85 1 89 89 84 0 1 0 
58400 88 87 0 85 87 79 2 0 0 
58500 96 80 3 91 94 86 2 0 0 
58600 94 87 0 89 91 84 0 0 0 
58700 90 86 7 88 87 81 2 0 0 
58800 92 91 0 87 93 78 0 0 0 
58900 96 87 1 89 93 83 3 0 0 
59000 92 90 1 92 92 91 0 0 0 
59100 95 92 1 91 95 88 0 0 0 
59200 93 91 3 90 93 83 0 0 0 
59300 94 90 1 94 90 89 0 0 0 
59400 93 89 0 93 90 83 0 0 0 
59500 94 89 0 94 92 92 0 2 0 
59600 96 99 0 95 94 96 0 0 0 
59700 99 92 0 93 98 93 0 0 0 
59800 92 91 0 95 90 90 0 0 0 
59900 94 95 0 92 93 88 0 0 0 
60000 87 88 1 89 91 90 0 0 0 
60100 92 96 4 86 87 85 0 0 0 
60200 97 94 2 94 95 91 0 0 0 
60300 94 93 0 92 91 86 0 0 0 
60400 94 95 0 79 94 79 0 0 0 
60500 90 79 0 84 84 86 0 0 0 
60600 94 92 0 95 93 93 0 0 0 
60700 93 90 4 85 87 82 0 0 0 
60800 97 95 0 92 94 89 0 0 0 
60900 97 91 0 92 94 87 0 0 0 
61000 84 90 0 90 90 86 0 0 0 
61100 89 95 1 94 88 84 0 0 0 
61200 94 95 1 90 90 85 0 0 0 
61300 87 94 0 88 88 84 0 0 0 
61400 94 96 0 90 93 88 0 0 0 
61500 96 95 0 90 90 83 3 0 0 
61600 95 87 0 89 88 85 6 0 0 
61700 98 98 0 92 94 91 0 0 0 
61800 96 95 1 88 91 85 0 1 0 
61900 98 87 0 96 94 92 0 0 0 
62000 95 93 0 89 94 59 25 0 0 
62100 90 89 2 91 91 35 50 0 0 
62200 98 81 0 89 92 13 77 0 0 
62300 96 87 0 95 97 4 87 0 0 
62400 93 93 3 88 92 2 85 0 0 
62500 89 96 3 85 89 0 80 0 0 
62600 91 97 0 87 93 2 86 0 0 
62700 92 92 0 91 90 2 83 0 0 
62800 89 94 0 91 92 0 84 0 0 
62900 95 94 2 86 92 0 80 0 0 
63000 90 83 4 87 88 2 76 0 0 
63100 95 81 0 87 91 0 87 0 0 
63200 96 93 0 72 87 1 79 0 0 
63300 91 92 2 78 88 3 77 0 0 
63400 95 92 0 84 94 3 80 0 0 
63500 88 94 1 87 90 0 85 0 0 
63600 94 94 1 85 91 1 79 0 0 
63700 86 90 4 82 79 1 79 0 0 
63800 89 95 0 83 85 7 80 0 0 
63900 88 85 4 88 92 1 84 0 0 
64000 93 93 1 87 87 1 86 0 0 
64100 96 91 0 85 88 0 80 0 0 
64200 96 92 2 89 92 2 85 0 0 
64300 83 93 2 80 84 1 76 0 0 
64400 82 93 2 81 78 0 78 0 0 
64500 88 90 0 92 84 1 87 0 0 
64600 93 90 2 90 89 1 85 0 0 
64700 86 92 2 82 84 1 76 0 0 
64800 82 78 0 74 82 3 75 0 0 
64900 90 80 0 83 93 3 82 0 0 
65000 94 87 0 82 94 2 84 0 0 
65100 95 83 2 85 91 2 90 0 0 
65200 91 89 2 91 93 0 84 0 0 
65300 96 85 0 89 92 3 85 0 0 
65400 95 88 0 93 96 2 91 0 0 
65500 90 87 1 87 88 0 84 0 0 
65600 88 83 0 78 92 3 77 0 0 
65700 92 87 0 82 88 1 84 0 0 
65800 94 96 0 75 86 4 73 0 0 
65900 95 95 0 88 91 6 77 0 0 
66000 93 84 2 90 92 2 83 0 0 
66100 99 93 1 94 95 0 92 0 0 
66200 94 93 0 93 91 2 87 0 0 
66300 93 89 0 86 93 2 77 0 0 
66400 92 84 0 91 89 5 87 0 0 
66500 89 93 0 81 87 5 75 0 0 
66600 96 91 1 76 92 2 85 0 0 
66700 91 87 2 83 91 1 82 0 0 
66800 96 88 0 91 93 4 80 0 0 
66900 84 88 1 85 90 5 80 0 0 
67000 87 93 0 87 91 1 83 0 0 
67100 94 95 1 87 93 2 80 0 0 
67200 93 90 0 88 96 2 80 0 0 
67300 86 93 0 84 88 2 80 0 0 
67400 91 85 1 88 91 4 79 0 0 
67500 93 87 0 88 92 0 84 0 0 
67600 93 89 0 93 95 0 90 0 0 
67700 96 96 2 91 96 1 90 0 0 
67800 92 94 0 89 95 0 85 0 0 
67900 93 97 3 90 95 4 86 0 0 
68000 93 96 0 95 96 2 86 0 0 
68100 90 89 1 89 92 0 81 0 0 
68200 94 95 1 80 91 2 78 0 0 
68300 89 83 0 74 86 2 76 0 0 
68400 97 89 2 83 97 1 85 0 0 
68500 91 88 0 89 87 4 83 0 0 
68600 91 95 2 93 91 3 83 0 0 
68700 97 89 0 86 97 3 85 0 0 
68800 94 96 0 86 93 1 85 0 0 
68900 93 96 0 88 93 3 80 0 0 
69000 87 93 4 78 82 5 71 0 0 
69100 97 95 2 82 89 0 82 0 0 
69200 90 77 0 79 88 1 78 0 0 
69300 86 72 0 84 86 5 79 0 0 
69400 90 89 1 85 85 3 84 0 0 
69500 88 89 2 81 83 2 75 0 0 
69600 94 95 0 85 91 1 88 0 0 
69700 93 90 0 85 91 0 82 0 0 
69800 90 92 1 82 87 0 82 0 0 
69900 84 84 0 82 91 1 78 0 0 
70000 96 87 0 91 96 2 90 0 0 
70100 95 89 0 85 89 4 81 0 0 
70200 90 89 2 79 92 5 76 0 0 
70300 91 91 0 86 88 3 80 0 0 
70400 94 91 0 94 94 0 90 0 0 
70500 91 95 0 86 90 1 85 0 0 
70600 94 89 1 92 94 2 87 0 0 
70700 91 79 4 86 88 3 83 0 0 
70800 95 89 0 92 95 2 90 0 0 
70900 93 89 3 80 93 1 80 0 0 
71000 90 94 0 81 91 1 83 0 0 
71100 93 84 0 86 89 2 75 0 0 
71200 90 91 1 83 83 1 75 0 0 
71300 92 100 0 86 90 8 78 0 0 
71400 93 93 1 91 93 2 88 0 0 
71500 93 91 1 83 96 2 85 0 0 
71600 92 92 0 85 91 2 83 0 0 
71700 96 92 1 83 91 3 82 0 0 
71800 96 92 0 88 94 0 87 0 0 
71900 93 84 4 87 83 1 81 0 0 
72000 86 88 0 78 88 0 76 0 0 
72100 92 90 1 91 90 0 84 0 0 
72200 93 92 0 89 91 0 85 0 0 
72300 92 86 1 85 90 1 84 0 0 
72400 90 82 3 84 85 1 75 0 0 
72500 96 87 0 90 87 0 83 0 0 
72600 89 95 1 87 91 0 86 0 0 
72700 97 90 0 89 97 4 83 0 0 
72800 91 92 0 86 91 1 79 0 0 
72900 96 88 0 93 94 3 85 0 0 
73000 98 95 0 84 92 1 81 0 0 
73100 95 86 2 88 89 4 83 0 0 
73200 97 92 1 93 95 0 92 0 0 
73300 92 99 1 86 90 0 84 0 0 
73400 92 94 0 87 92 2 87 0 0 
73500 93 96 1 83 90 4 80 0 0 
73600 92 97 2 82 86 2 78 0 0 
73700 90 85 4 90 87 0 84 0 0 
73800 93 90 0 91 99 6 85 0 0 
73900 96 93 1 79 91 5 81 0 0 
74000 91 95 1 89 89 0 81 0 0 
74100 96 98 0 85 91 1 84 0 0 
74200 94 94 0 92 97 2 88 0 0 
74300 91 81 0 90 93 3 87 0 0 
74400 96 93 0 90 93 0 84 0 0 
74500 90 87 2 89 89 0 82 0 0 
74600 93 91 0 86 95 1 93 0 0 
74700 95 80 0 91 90 6 79 0 0 
74800 92 89 0 91 92 7 81 0 0 
74900 95 91 0 89 89 1 86 0 0 
75000 92 96 0 88 94 1 88 0 0 
75100 92 89 2 87 87 1 81 0 0 
75200 97 94 0 82 93 4 85 0 0 
75300 99 95 0 93 98 1 95 0 0 
75400 94 96 2 85 93 3 82 0 0 
75500 95 96 0 92 96 0 86 0 0 
75600 97 93 0 82 88 3 80 0 0 
75700 91 89 0 87 95 2 83 0 0 
75800 95 88 0 92 97 0 88 0 0 
75900 95 83 0 93 92 0 91 0 0 
76000 92 96 0 86 91 3 80 0 0 
76100 96 95 1 83 89 3 83 0 0 
76200 98 91 2 97 96 1 93 0 0 
76300 94 92 1 89 95 0 90 0 0 
76400 93 89 2 84 86 5 77 0 0 
76500 94 84 1 89 90 0 84 0 0 
76600 93 88 0 94 99 1 86 0 0 
76700 96 95 0 90 97 2 89 0 0 
76800 92 97 0 84 89 1 84 0 0 
76900 98 98 0 95 100 2 92 0 0 
77000 93 98 0 88 94 3 85 0 0 
77100 93 96 0 81 90 5 79 0 0 
77200 88 87 1 89 91 0 82 0 0 
77300 92 88 0 94 93 0 89 0 0 
77400 96 90 1 80 88 2 81 0 0 
77500 96 96 1 88 98 2 89 0 0 
77600 96 91 0 94 96 3 92 0 0 
77700 93 82 5 83 92 0 88 0 0 
77800 94 93 0 92 95 3 90 0 0 
77900 98 94 2 81 88 2 82 0 0 
78000 86 90 0 89 84 0 76 0 0 
78100 91 89 1 75 83 2 70 0 0 
78200 94 89 0 89 94 1 87 0 0 
78300 94 82 0 87 89 1 81 0 0 
78400 98 88 0 92 92 6 80 0 0 
78500 92 94 0 81 86 0 84 0 0 
78600 93 92 0 84 95 2 89 0 0 
78700 93 97 0 86 91 2 82 0 0 
78800 95 95 1 89 96 0 91 0 0 
78900 87 91 0 85 93 0 77 0 0 
79000 94 96 0 89 96 0 90 0 0 
79100 92 97 0 89 92 0 89 0 0 
79200 94 94 0 89 92 0 82 0 0 
79300 94 90 0 87 89 0 87 0 0 
79400 96 96 0 87 96 4 86 0 0 
79500 96 85 2 92 97 0 88 0 0 
79600 96 90 0 88 95 0 88 0 0 
79700 98 96 2 83 92 0 86 0 0 
79800 96 92 1 83 88 0 81 0 0 
79900 95 99 0 84 89 1 84 0 0 
80000 95 96 0 78 89 0 88 0 0 
80100 93 95 2 82 90 2 78 0 0 
80200 92 91 0 92 89 1 85 0 0 
80300 94 87 0 85 92 1 89 0 0 
80400 95 90 0 90 93 0 90 0 0 
80500 89 79 1 80 88 1 79 0 0 
80600 94 76 0 86 91 0 85 0 0 
80700 89 81 0 73 86 0 75 0 0 
80800 92 89 0 68 80 0 69 0 0 
80900 95 99 0 87 93 0 86 0 0 
81000 85 87 0 77 84 1 76 0 0 
81100 95 89 3 78 88 0 81 0 0 
81200 91 85 2 86 91 0 83 0 0 
81300 91 97 0 88 91 1 86 0 0 
81400 97 93 1 86 92 0 82 0 0 
81500 93 90 0 79 87 8 72 0 0 
81600 93 83 1 80 92 2 83 0 0 
81700 96 88 0 86 94 0 83 0 0 
81800 91 90 2 84 84 0 84 0 0 
81900 95 95 2 89 90 0 87 0 0 
82000 94 95 0 84 90 1 85 0 0 
82100 91 84 0 83 89 4 82 0 0 
82200 93 81 0 78 85 2 76 0 0 
82300 91 95 1 86 90 0 88 0 0 
82400 90 86 1 79 88 2 82 0 0 
82500 91 84 0 80 84 4 71 0 0 
82600 93 92 0 85 86 0 78 0 0 
82700 93 91 1 87 88 1 82 0 0 
82800 90 81 2 75 80 0 76 0 0 
82900 89 82 2 76 79 0 76 0 0 
83000 95 92 3 82 87 1 81 0 0 
83100 89 95 0 82 86 0 74 0 0 
83200 91 86 2 84 89 1 77 0 0 
83300 92 93 0 85 91 2 83 0 0 
83400 93 89 0 77 87 0 76 0 0 
83500 91 95 0 82 88 1 85 0 0 
83600 93 92 0 85 85 0 81 0 0 
83700 88 85 2 75 85 0 74 0 0 
83800 97 89 0 91 90 2 84 0 0 
83900 91 87 0 84 92 0 79 0 0 
84000 90 80 1 80 85 2 71 0 0 
84100 92 85 0 87 81 1 79 0 0 
84200 90 91 0 84 86 0 85 0 0 
84300 93 84 0 71 82 3 66 0 0 
84400 97 95 0 79 86 3 83 0 0 
84500 92 89 1 79 85 4 71 0 0 
84600 94 93 3 82 89 10 73 0 0 
84700 91 92 0 81 83 6 72 0 0 
84800 92 85 0 84 86 3 79 0 0 
84900 93 94 0 88 90 0 82 0 0 
85000 91 91 0 82 90 2 78 0 0 
85100 85 94 0 84 86 0 79 0 0 
85200 92 89 1 80 83 2 72 0 0 
85300 93 95 1 86 91 0 85 0 0 
85400 92 90 0 78 91 1 81 0 0 
85500 93 94 1 81 85 0 76 0 0 
85600 96 91 1 89 89 2 83 0 0 
85700 86 89 1 85 85 3 78 0 0 
85800 88 92 2 83 80 2 76 0 0 
85900 90 93 1 85 87 7 75 0 0 
86000 91 93 0 84 86 0 82 0 0 
86100 97 93 0 94 95 2 90 0 0 
86200 88 96 2 84 84 7 69 0 0 
86300 94 88 0 85 90 1 84 0 0 
86400 92 87 0 79 87 0 82 0 0 
86500 98 94 0 75 88 0 86 0 0 
86600 95 89 0 86 87 0 86 0 0 
86700 91 92 1 90 85 3 83 0 0 
86800 91 88 1 85 90 2 79 0 0 
86900 88 99 1 88 84 0 75 0 0 
87000 90 90 1 78 83 0 69 0 0 
87100 83 81 0 83 77 2 70 0 0 
87200 95 85 1 84 87 1 82 0 0 
87300 97 89 0 90 88 0 87 0 0 
87400 89 93 0 83 89 0 76 0 0 
87500 90 88 0 79 84 0 78 0 0 
87600 91 86 0 78 88 0 79 0 0 
87700 95 88 0 92 91 1 89 0 0 
87800 95 85 0 92 94 0 88 0 0 
87900 93 85 4 79 88 2 79 0 0 
88000 96 88 1 80 92 3 75 0 0 
88100 91 82 2 86 82 2 79 0 0 
88200 93 83 3 86 87 0 80 0 0 
88300 95 83 0 87 97 2 86 0 0 
88400 86 90 4 83 79 0 78 0 0 
88500 90 96 1 83 85 2 75 0 0 
88600 91 95 1 82 89 2 77 0 0 
88700 86 85 0 84 85 0 74 0 0 
88800 90 84 2 80 88 0 70 0 0 
88900 87 96 1 84 84 4 72 0 0 
89000 93 93 0 87 94 2 86 0 0 
89100 93 93 0 87 85 3 80 0 0 
89200 86 88 0 81 87 8 68 0 0 
89300 90 83 0 84 89 4 80 0 0 
89400 91 88 0 78 94 4 81 0 0 
89500 86 91 0 82 88 1 75 0 0 
89600 93 91 0 87 91 0 81 0 0 
89700 95 88 0 91 92 1 88 0 0 
89800 91 95 1 85 87 5 77 0 0 
89900 94 86 0 80 90 0 83 0 0 
90000 89 84 1 80 90 1 78 0 0 
90100 98 84 0 85 94 0 85 0 0 
90200 87 89 0 83 85 0 79 0 0 
90300 90 85 0 77 82 0 76 0 0 
90400 92 85 0 92 93 1 87 0 0 
90500 89 95 0 80 85 0 74 0 0 
90600 95 97 0 85 89 4 86 0 0 
90700 86 87 1 73 82 3 65 0 0 
90800 89 87 0 84 86 0 81 0 0 
90900 98 80 0 83 86 0 79 0 0 
91000 93 81 0 83 86 4 75 0 0 
91100 92 87 0 85 87 0 85 0 0 
91200 89 87 2 78 87 3 77 0 0 
91300 88 80 1 81 85 0 76 0 0 
91400 86 85 0 76 80 0 63 0 0 
91500 91 89 0 85 82 0 79 0 0 
91600 93 92 0 80 89 0 81 0 0 
91700 91 85 2 75 87 4 72 0 0 
91800 85 86 2 85 82 0 76 0 0 
91900 93 88 1 89 83 0 84 0 0 
92000 91 84 0 88 84 2 81 0 0 
92100 96 97 0 93 91 0 87 0 0 
92200 94 90 0 87 89 0 86 0 0 
92300 88 80 0 83 85 0 81 0 0 
92400 91 89 0 84 93 0 86 0 0 
92500 94 92 0 91 92 0 88 0 0 
92600 92 95 0 84 92 1 84 0 0 
92700 93 92 0 80 90 0 81 0 0 
92800 93 95 0 88 93 2 88 0 0 
92900 86 94 0 83 80 1 70 0 0 
93000 85 92 0 76 83 0 75 0 0 
93100 93 93 0 86 90 2 86 0 0 
93200 93 91 0 85 89 4 79 0 0 
93300 90 93 0 87 86 2 82 0 0 
93400 89 98 0 88 87 1 81 0 0 
93500 87 87 0 87 84 0 82 0 0 
93600 86 77 0 82 84 2 80 0 0 
93700 87 97 2 83 86 3 76 0 0 
93800 93 86 0 87 88 0 84 0 0 
93900 89 90 1 74 77 0 71 0 0 
94000 89 89 0 76 80 0 77 0 0 
94100 88 84 0 82 82 2 69 0 0 
94200 92 82 0 71 85 3 71 0 0 
94300 89 88 1 81 83 3 79 0 0 
94400 92 99 1 82 89 0 82 0 0 
94500 76 96 0 79 78 2 71 0 0 
94600 88 95 0 85 88 0 85 0 0 
94700 84 97 0 82 84 0 74 0 0 
94800 95 93 0 88 88 0 88 0 0 
94900 82 94 0 76 75 0 68 0 0 
95000 90 95 0 82 84 1 76 0 0 
95100 86 95 0 73 77 0 65 0 0 
95200 88 84 0 73 77 0 67 0 0 
95300 81 81 0 78 78 1 66 0 0 
95400 89 92 0 82 78 4 78 0 0 
95500 89 91 1 75 84 0 71 0 0 
95600 82 93 0 80 79 0 75 0 0 
95700 84 96 0 78 86 2 77 0 0 
95800 93 95 0 83 86 5 78 0 0 
95900 93 96 0 86 89 4 83 0 0 
96000 88 94 0 79 87 6 71 0 0 
96100 91 94 0 86 85 4 78 0 0 
96200 83 98 0 87 88 2 77 0 0 
96300 89 97 0 83 84 0 82 0 0 
96400 96 95 0 89 95 0 87 0 0 
96500 92 87 0 82 81 0 80 0 0 
96600 92 91 0 79 79 0 72 0 0 
96700 89 95 0 90 89 2 80 0 0 
96800 88 93 0 83 84 0 86 0 0 
96900 89 94 0 86 93 1 84 0 0 
97000 90 93 0 82 86 0 77 0 0 
97100 100 92 0 85 96 0 87 0 0 
97200 89 98 0 86 94 1 85 0 0 
97300 94 92 0 89 91 0 88 0 0 
97400 92 98 0 89 90 0 84 0 0 
97500 93 93 0 83 91 0 78 0 0 
97600 94 88 0 90 95 0 84 0 0 
97700 95 96 0 89 94 2 85 0 0 
97800 94 95 1 82 89 0 83 0 0 
97900 85 96 2 71 80 3 69 0 0 
98000 96 95 0 84 87 0 83 0 0 
98100 89 96 0 78 81 0 75 0 0 
98200 87 81 1 78 81 1 72 0 0 
98300 96 97 0 87 91 2 81 0 0 
98400 93 94 0 83 88 0 78 0 0 
98500 89 90 0 82 84 1 74 0 0 
98600 91 91 0 82 82 0 82 0 0 
98700 94 94 0 79 86 0 82 0 0 
98800 89 94 0 86 88 0 84 0 0 
98900 93 86 0 82 91 1 83 0 0 
99000 90 78 0 76 86 0 78 0 0 
99100 89 90 1 87 91 0 84 0 0 
99200 95 93 0 86 91 0 78 0 0 
99300 85 90 1 85 87 3 79 0 0 
99400 96 96 0 84 88 0 84 0 0 
99500 94 90 0 88 92 2 86 0 0 
99600 86 87 0 83 83 0 84 0 0 
99700 90 84 0 86 89 2 80 0 0 
99800 89 88 1 82 85 0 82 0 0 
99900 89 93 2 89 85 1 82 0 0 
100000 96 86 1 77 90 0 84 0 0 
