100 0
200 0
300 0
400 0
500 0
600 0
700 0
800 0
900 0
1000 0
1100 1
1200 1
1300 1
1400 1
1500 1
1600 1
1700 1
1800 1
1900 1
2000 1
2100 1
2200 1
2300 1
2400 1
2500 2
2600 2
2700 2
2800 2
2900 2
3000 2
3100 2
3200 2
3300 2
3400 2
3500 3
3600 3
3700 3
3800 3
3900 3
4000 3
4100 3
4200 3
4300 3
4400 3
4500 3
4600 3
4700 3
4800 3
4900 3
5000 4
5100 4
5200 3
5300 3
5400 4
5500 4
5600 4
5700 4
5800 4
5900 4
6000 4
6100 4
6200 4
6300 5
6400 5
6500 5
6600 5
6700 5
6800 5
6900 5
7000 5
7100 5
7200 6
7300 6
7400 5
7500 6
7600 5
7700 5
7800 5
7900 5
8000 6
8100 6
8200 6
8300 6
8400 6
8500 7
8600 7
8700 7
8800 7
8900 7
9000 7
9100 7
9200 7
9300 7
9400 7
9500 7
9600 7
9700 7
9800 7
9900 7
10000 8
10100 8
10200 8
10300 8
10400 8
10500 9
10600 9
10700 9
10800 9
10900 10
11000 10
11100 10
11200 10
11300 10
11400 10
11500 10
11600 10
11700 11
11800 11
11900 11
12000 11
12100 11
12200 11
12300 11
12400 11
12500 12
12600 12
12700 12
12800 12
12900 12
13000 12
13100 12
13200 12
13300 12
13400 12
13500 12
13600 12
13700 13
13800 13
13900 13
14000 13
14100 13
14200 13
14300 13
14400 13
14500 12
14600 12
14700 12
14800 13
14900 13
15000 13
15100 13
15200 12
15300 12
15400 12
15500 12
15600 12
15700 12
15800 12
15900 13
16000 13
16100 13
16200 13
16300 13
16400 13
16500 12
16600 12
16700 13
16800 13
16900 13
17000 13
17100 13
17200 13
17300 14
17400 13
17500 14
17600 14
17700 13
17800 14
17900 14
18000 14
18100 14
18200 14
18300 14
18400 14
18500 14
18600 15
18700 15
18800 15
18900 15
19000 15
19100 15
19200 15
19300 15
19400 15
19500 15
19600 16
19700 16
19800 16
19900 16
20000 16
20100 16
20200 16
20300 16
20400 17
20500 17
20600 17
20700 17
20800 17
20900 17
21000 17
21100 17
21200 17
21300 18
21400 17
21500 17
21600 17
21700 18
21800 18
21900 18
22000 18
22100 18
22200 19
22300 19
22400 19
22500 19
22600 19
22700 19
22800 19
22900 20
23000 19
23100 20
23200 20
23300 20
23400 20
23500 20
23600 20
23700 20
23800 20
23900 21
24000 21
24100 21
24200 22
24300 22
24400 22
24500 22
24600 23
24700 23
24800 22
24900 22
25000 23
25100 23
25200 23
25300 23
25400 23
25500 24
25600 24
25700 23
25800 23
25900 24
26000 24
26100 24
26200 24
26300 25
26400 25
26500 25
26600 26
26700 26
26800 25
26900 26
27000 26
27100 27
27200 27
27300 27
27400 27
27500 27
27600 27
27700 27
27800 27
27900 27
28000 27
28100 26
28200 27
28300 27
28400 27
28500 27
28600 27
28700 26
28800 26
28900 26
29000 27
29100 26
29200 27
29300 26
29400 27
29500 27
29600 27
29700 27
29800 27
29900 26
30000 26
30100 26
30200 26
30300 26
30400 26
30500 26
30600 26
30700 25
30800 26
30900 26
31000 26
31100 26
31200 27
31300 27
31400 27
31500 27
31600 27
31700 27
31800 28
31900 28
32000 28
32100 28
32200 27
32300 28
32400 28
32500 28
32600 29
32700 29
32800 29
32900 28
33000 28
33100 28
33200 26
33300 26
33400 27
33500 28
33600 28
33700 28
33800 29
33900 29
34000 28
34100 30
34200 29
34300 29
34400 29
34500 31
34600 31
34700 30
34800 30
34900 30
35000 26
35100 26
35200 26
35300 26
35400 26
35500 26
35600 26
35700 26
35800 27
35900 26
36000 27
36100 27
36200 27
36300 28
36400 28
36500 29
36600 28
36700 29
36800 29
36900 30
37000 30
37100 29
37200 29
37300 29
37400 29
37500 30
37600 30
37700 30
37800 30
37900 31
38000 31
38100 32
38200 32
38300 31
38400 32
38500 32
38600 32
38700 32
38800 32
38900 32
39000 31
39100 31
39200 31
39300 32
39400 32
39500 31
39600 31
39700 31
39800 31
39900 30
40000 31
40100 31
40200 32
40300 32
40400 32
40500 31
40600 31
40700 32
40800 32
40900 32
41000 32
41100 32
41200 32
41300 32
41400 32
41500 31
41600 31
41700 32
41800 31
41900 31
42000 32
42100 31
42200 31
42300 31
42400 31
42500 31
42600 31
42700 31
42800 32
42900 32
43000 32
43100 32
43200 32
43300 32
43400 32
43500 33
43600 33
43700 33
43800 34
43900 34
44000 34
44100 32
44200 30
44300 30
44400 30
44500 30
44600 30
44700 30
44800 30
44900 30
45000 31
45100 31
45200 31
45300 32
45400 32
45500 32
45600 33
45700 33
45800 34
45900 35
46000 35
46100 34
46200 33
46300 34
46400 33
46500 34
46600 33
46700 34
46800 34
46900 34
47000 34
47100 33
47200 34
47300 33
47400 33
47500 33
47600 34
47700 34
47800 34
47900 33
48000 33
48100 34
48200 34
48300 35
48400 35
48500 35
48600 35
48700 35
48800 35
48900 35
49000 35
49100 36
49200 36
49300 35
49400 34
49500 33
49600 33
49700 33
49800 32
49900 32
50000 32
50100 32
50200 31
50300 32
50400 33
50500 34
50600 33
50700 33
50800 34
50900 34
51000 34
51100 33
51200 33
51300 33
51400 32
51500 33
51600 33
51700 33
51800 33
51900 33
52000 33
52100 33
52200 33
52300 33
52400 33
52500 33
52600 33
52700 33
52800 33
52900 33
53000 33
53100 33
53200 34
53300 34
53400 34
53500 34
53600 34
53700 35
53800 34
53900 35
54000 35
54100 35
54200 35
54300 35
54400 35
54500 35
54600 35
54700 36
54800 36
54900 36
55000 36
55100 36
55200 37
55300 36
55400 36
55500 35
55600 35
55700 35
55800 35
55900 35
56000 34
56100 34
56200 34
56300 34
56400 34
56500 34
56600 35
56700 34
56800 35
56900 35
57000 36
57100 36
57200 36
57300 34
57400 34
57500 34
57600 34
57700 35
57800 35
57900 35
58000 35
58100 35
58200 35
58300 35
58400 35
58500 34
58600 35
58700 35
58800 35
58900 35
59000 35
59100 35
59200 35
59300 35
59400 35
59500 35
59600 35
59700 35
59800 35
59900 35
60000 35
60100 35
60200 35
60300 35
60400 34
60500 35
60600 35
60700 35
60800 36
60900 36
61000 36
61100 36
61200 36
61300 37
61400 37
61500 37
61600 37
61700 37
61800 37
61900 37
62000 37
62100 38
62200 38
62300 38
62400 37
62500 38
62600 38
62700 38
62800 38
62900 38
63000 38
63100 38
63200 38
63300 38
63400 38
63500 39
63600 39
63700 39
63800 39
63900 39
64000 39
64100 39
64200 40
64300 40
64400 40
64500 40
64600 39
64700 40
64800 39
64900 39
65000 39
65100 29
65200 29
65300 29
65400 29
65500 29
65600 29
65700 30
65800 30
65900 30
66000 30
66100 31
66200 30
66300 30
66400 30
66500 31
66600 31
66700 31
66800 31
66900 31
67000 31
67100 31
67200 32
67300 32
67400 32
67500 32
67600 33
67700 33
67800 33
67900 34
68000 34
68100 35
68200 35
68300 35
68400 36
68500 36
68600 36
68700 37
68800 37
68900 38
69000 38
69100 38
69200 38
69300 38
69400 38
69500 39
69600 39
69700 40
69800 40
69900 39
70000 40
70100 39
70200 39
70300 39
70400 39
70500 39
70600 40
70700 40
70800 40
70900 40
71000 40
71100 40
71200 40
71300 41
71400 41
71500 41
71600 41
71700 41
71800 41
71900 41
72000 42
72100 42
72200 42
72300 42
72400 42
72500 43
72600 42
72700 42
72800 41
72900 41
73000 42
73100 41
73200 41
73300 40
73400 41
73500 40
73600 40
73700 40
73800 40
73900 40
74000 39
74100 39
74200 39
74300 40
74400 41
74500 41
74600 41
74700 41
74800 41
74900 41
75000 42
75100 42
75200 42
75300 42
75400 42
75500 42
75600 42
75700 42
75800 42
75900 42
76000 42
76100 42
76200 42
76300 42
76400 42
76500 41
76600 39
76700 39
76800 39
76900 39
77000 39
77100 39
77200 38
77300 39
77400 39
77500 38
77600 38
77700 38
77800 38
77900 37
78000 37
78100 34
78200 34
78300 35
78400 35
78500 35
78600 35
78700 35
78800 35
78900 35
79000 36
79100 36
79200 36
79300 36
79400 36
79500 36
79600 36
79700 19
79800 19
79900 19
80000 19
80100 19
80200 19
80300 19
80400 19
80500 20
80600 20
80700 20
80800 20
80900 20
81000 20
81100 20
81200 20
81300 20
81400 20
81500 21
81600 21
81700 21
81800 20
81900 20
82000 21
82100 21
82200 20
82300 21
82400 21
82500 21
82600 21
82700 22
82800 22
82900 23
83000 23
83100 23
83200 23
83300 23
83400 22
83500 23
83600 23
83700 23
83800 22
83900 23
84000 22
84100 23
84200 23
84300 23
84400 22
84500 23
84600 22
84700 22
84800 22
84900 22
85000 22
85100 22
85200 22
85300 23
85400 23
85500 23
85600 24
85700 24
85800 22
85900 21
86000 22
86100 21
86200 21
86300 22
86400 22
86500 22
86600 22
86700 22
86800 23
86900 22
87000 23
87100 23
87200 23
87300 23
87400 23
87500 23
87600 17
87700 16
87800 16
87900 16
88000 16
88100 16
88200 16
88300 16
88400 16
88500 16
88600 16
88700 16
88800 17
88900 17
89000 17
89100 17
89200 17
89300 18
89400 18
89500 17
89600 17
89700 17
89800 17
89900 16
90000 17
90100 16
90200 16
90300 16
90400 17
90500 17
90600 17
90700 17
90800 17
90900 13
91000 14
91100 14
91200 14
91300 14
91400 14
91500 14
91600 14
91700 14
91800 14
91900 14
92000 14
92100 15
92200 15
92300 15
92400 15
92500 15
92600 15
92700 15
92800 15
92900 15
93000 15
93100 16
93200 16
93300 16
93400 16
93500 16
93600 16
93700 16
93800 16
93900 16
94000 15
94100 16
94200 16
94300 16
94400 16
94500 16
94600 17
94700 17
94800 17
94900 17
95000 17
95100 18
95200 18
95300 18
95400 18
95500 18
95600 19
95700 19
95800 19
95900 19
96000 19
96100 19
96200 19
96300 19
96400 20
96500 20
96600 20
96700 20
96800 20
96900 20
97000 21
97100 21
97200 21
97300 21
97400 21
97500 21
97600 21
97700 21
97800 21
97900 21
98000 21
98100 21
98200 21
98300 21
98400 21
98500 21
98600 21
98700 21
98800 21
98900 21
99000 21
99100 21
99200 21
99300 21
99400 21
99500 21
99600 21
99700 21
99800 21
99900 20
100000 21
