100 0
200 1
300 1
400 1
500 1
600 1
700 1
800 1
900 2
1000 2
1100 2
1200 1
1300 1
1400 1
1500 1
1600 1
1700 2
1800 1
1900 1
2000 1
2100 2
2200 2
2300 2
2400 2
2500 1
2600 1
2700 1
2800 1
2900 2
3000 1
3100 1
3200 1
3300 1
3400 1
3500 2
3600 2
3700 2
3800 2
3900 2
4000 2
4100 2
4200 2
4300 2
4400 2
4500 2
4600 2
4700 2
4800 2
4900 1
5000 1
5100 1
5200 1
5300 1
5400 1
5500 1
5600 1
5700 2
5800 2
5900 2
6000 2
6100 2
6200 2
6300 2
6400 2
6500 1
6600 1
6700 2
6800 1
6900 2
7000 2
7100 2
7200 2
7300 2
7400 2
7500 2
7600 2
7700 2
7800 2
7900 2
8000 2
8100 2
8200 2
8300 2
8400 2
8500 2
8600 2
8700 2
8800 2
8900 2
9000 2
9100 2
9200 2
9300 2
9400 2
9500 2
9600 1
9700 1
9800 1
9900 1
10000 1
