100 0
200 0
300 0
400 0
500 0
600 0
700 0
800 1
900 0
1000 1
1100 0
1200 0
1300 0
1400 0
1500 0
1600 0
1700 0
1800 0
1900 0
2000 0
2100 0
2200 0
2300 0
2400 0
2500 0
2600 0
2700 0
2800 1
2900 1
3000 1
3100 1
3200 1
3300 1
3400 1
3500 1
3600 1
3700 1
3800 2
3900 2
4000 2
4100 1
4200 1
4300 1
4400 1
4500 1
4600 1
4700 2
4800 2
4900 2
5000 1
5100 1
5200 1
5300 1
5400 1
5500 1
5600 1
5700 2
5800 2
5900 2
6000 2
6100 2
6200 2
6300 2
6400 2
6500 2
6600 2
6700 2
6800 2
6900 2
7000 0
7100 1
7200 1
7300 0
7400 0
7500 0
7600 0
7700 0
7800 0
7900 1
8000 1
8100 1
8200 1
8300 1
8400 1
8500 1
8600 1
8700 2
8800 2
8900 2
9000 2
9100 3
9200 3
9300 3
9400 4
9500 4
9600 5
9700 5
9800 5
9900 5
10000 5
