100 0
200 2
300 2
400 3
500 4
600 6
700 6
800 7
900 7
1000 8
1100 9
1200 10
1300 11
1400 11
1500 12
1600 13
1700 14
1800 14
1900 15
2000 16
2100 17
2200 18
2300 19
2400 18
2500 18
2600 18
2700 18
2800 19
2900 21
3000 21
3100 22
3200 23
3300 25
3400 24
3500 24
3600 25
3700 25
3800 27
3900 27
4000 26
4100 28
4200 28
4300 28
4400 28
4500 27
4600 27
4700 27
4800 14
4900 15
5000 16
5100 17
5200 18
5300 18
5400 19
5500 19
5600 19
5700 20
5800 12
5900 14
6000 14
6100 14
6200 15
6300 16
6400 17
6500 19
6600 19
6700 20
6800 21
6900 22
7000 22
7100 22
7200 23
7300 24
7400 24
7500 24
7600 25
7700 26
7800 27
7900 28
8000 27
8100 28
8200 29
8300 29
8400 29
8500 30
8600 30
8700 30
8800 30
8900 21
9000 21
9100 22
9200 23
9300 23
9400 24
9500 23
9600 24
9700 25
9800 16
9900 17
10000 17
