100 1
200 1
300 2
400 4
500 5
600 6
700 7
800 8
900 9
1000 10
1100 11
1200 12
1300 13
1400 14
1500 15
1600 16
1700 17
1800 18
1900 19
2000 20
2100 21
2200 22
2300 23
2400 23
2500 24
2600 26
2700 27
2800 27
2900 29
3000 31
3100 33
3200 34
3300 35
3400 36
3500 37
3600 38
3700 39
3800 40
3900 41
4000 41
4100 43
4200 43
4300 45
4400 47
4500 47
4600 48
4700 49
4800 49
4900 49
5000 49
5100 51
5200 53
5300 55
5400 55
5500 56
5600 57
5700 57
5800 58
5900 59
6000 59
6100 60
6200 61
6300 63
6400 64
6500 65
6600 66
6700 66
6800 67
6900 67
7000 68
7100 68
7200 69
7300 69
7400 71
7500 71
7600 72
7700 72
7800 73
7900 72
8000 73
8100 73
8200 74
8300 76
8400 76
8500 78
8600 79
8700 80
8800 81
8900 82
9000 84
9100 86
9200 86
9300 88
9400 88
9500 89
9600 91
9700 91
9800 93
9900 94
10000 94
