100 0
200 0
300 0
400 0
500 0
600 0
700 0
800 0
900 0
1000 0
1100 0
1200 0
1300 0
1400 0
1500 0
1600 0
1700 1
1800 1
1900 1
2000 0
2100 1
2200 1
2300 0
2400 1
2500 1
2600 1
2700 1
2800 1
2900 1
3000 1
3100 0
3200 0
3300 1
3400 1
3500 1
3600 1
3700 2
3800 2
3900 2
4000 1
4100 1
4200 1
4300 1
4400 2
4500 2
4600 2
4700 2
4800 2
4900 2
5000 2
5100 1
5200 1
5300 1
5400 1
5500 1
5600 2
5700 1
5800 2
5900 1
6000 2
6100 2
6200 2
6300 2
6400 2
6500 2
6600 2
6700 2
6800 2
6900 2
7000 3
7100 3
7200 3
7300 3
7400 3
7500 2
7600 2
7700 2
7800 2
7900 2
8000 3
8100 3
8200 3
8300 3
8400 2
8500 2
8600 2
8700 3
8800 3
8900 3
9000 3
9100 3
9200 1
9300 1
9400 1
9500 1
9600 1
9700 1
9800 1
9900 1
10000 1
