100 10
200 19
300 29
400 40
500 50
600 59
700 69
800 80
900 91
1000 100
1100 109
1200 118
1300 129
1400 139
1500 149
1600 162
1700 172
1800 183
1900 195
2000 206
2100 216
2200 230
2300 239
2400 251
2500 259
2600 269
2700 280
2800 288
2900 297
3000 307
3100 318
3200 328
3300 338
3400 350
3500 358
3600 368
3700 375
3800 387
3900 396
4000 404
4100 413
4200 421
4300 433
4400 441
4500 448
4600 456
4700 468
4800 477
4900 486
5000 495
5100 502
5200 513
5300 521
5400 529
5500 542
5600 554
5700 562
5800 572
5900 583
6000 594
6100 603
6200 615
6300 625
6400 635
6500 648
6600 658
6700 669
6800 680
6900 693
7000 703
7100 713
7200 723
7300 733
7400 741
7500 754
7600 768
7700 775
7800 783
7900 792
8000 802
8100 810
8200 822
8300 831
8400 842
8500 853
8600 864
8700 872
8800 883
8900 893
9000 903
9100 916
9200 924
9300 934
9400 938
9500 948
9600 958
9700 969
9800 978
9900 987
10000 995
