100 0
200 1
300 2
400 3
500 4
600 5
700 5
800 6
900 7
1000 8
1100 8
1200 9
1300 9
1400 10
1500 10
1600 10
1700 11
1800 11
1900 12
2000 12
2100 12
2200 13
2300 13
2400 13
2500 14
2600 14
2700 14
2800 15
2900 15
3000 16
3100 16
3200 16
3300 16
3400 16
3500 16
3600 16
3700 17
3800 16
3900 17
4000 17
4100 17
4200 17
4300 17
4400 17
4500 18
4600 17
4700 18
4800 18
4900 18
5000 18
5100 18
5200 19
5300 19
5400 19
5500 19
5600 19
5700 19
5800 19
5900 20
6000 20
6100 20
6200 20
6300 20
6400 21
6500 21
6600 21
6700 21
6800 21
6900 21
7000 21
7100 21
7200 22
7300 22
7400 22
7500 22
7600 22
7700 22
7800 22
7900 23
8000 23
8100 23
8200 24
8300 24
8400 24
8500 24
8600 25
8700 25
8800 26
8900 26
9000 26
9100 26
9200 27
9300 27
9400 27
9500 27
9600 27
9700 28
9800 28
9900 28
10000 28
