100 0
200 0
300 0
400 0
500 0
600 0
700 0
800 0
900 0
1000 0
1100 1
1200 1
1300 1
1400 1
1500 1
1600 1
1700 1
1800 1
1900 1
2000 1
2100 2
2200 2
2300 2
2400 2
2500 2
2600 2
2700 2
2800 2
2900 2
3000 2
3100 3
3200 3
3300 3
3400 3
3500 3
3600 3
3700 3
3800 3
3900 3
4000 3
4100 3
4200 4
4300 4
4400 4
4500 4
4600 4
4700 4
4800 4
4900 4
5000 4
5100 4
5200 5
5300 5
5400 5
5500 5
5600 5
5700 5
5800 5
5900 5
6000 5
6100 5
6200 5
6300 5
6400 6
6500 6
6600 6
6700 6
6800 6
6900 6
7000 6
7100 6
7200 6
7300 7
7400 7
7500 7
7600 7
7700 7
7800 7
7900 7
8000 7
8100 7
8200 8
8300 8
8400 8
8500 8
8600 8
8700 8
8800 8
8900 8
9000 8
9100 8
9200 8
9300 8
9400 8
9500 8
9600 8
9700 8
9800 8
9900 9
10000 9
