100 9
200 19
300 27
400 34
500 42
600 51
700 59
800 63
900 71
1000 76
1100 83
1200 89
1300 97
1400 104
1500 110
1600 117
1700 120
1800 126
1900 135
2000 142
2100 146
2200 154
2300 158
2400 162
2500 168
2600 162
2700 171
2800 174
2900 177
3000 180
3100 184
3200 193
3300 190
3400 187
3500 179
3600 189
3700 189
3800 195
3900 191
4000 183
4100 178
4200 177
4300 181
4400 186
4500 174
4600 178
4700 184
4800 183
4900 188
5000 197
5100 192
5200 194
5300 183
5400 192
5500 184
5600 190
5700 191
5800 187
5900 188
6000 155
6100 148
6200 123
6300 129
6400 132
6500 137
6600 136
6700 139
6800 134
6900 142
7000 152
7100 161
7200 157
7300 136
7400 139
7500 140
7600 142
7700 137
7800 137
7900 141
8000 124
8100 125
8200 134
8300 139
8400 137
8500 138
8600 146
8700 151
8800 156
8900 157
9000 140
9100 140
9200 143
9300 150
9400 148
9500 155
9600 152
9700 151
9800 151
9900 159
10000 165
