100 0
200 1
300 2
400 3
500 4
600 4
700 5
800 6
900 6
1000 7
1100 8
1200 8
1300 9
1400 9
1500 10
1600 10
1700 11
1800 11
1900 12
2000 13
2100 13
2200 13
2300 14
2400 15
2500 15
2600 15
2700 15
2800 16
2900 16
3000 16
3100 16
3200 17
3300 17
3400 18
3500 18
3600 19
3700 19
3800 19
3900 20
4000 20
4100 20
4200 21
4300 21
4400 21
4500 21
4600 22
4700 22
4800 23
4900 22
5000 23
5100 22
5200 23
5300 23
5400 23
5500 24
5600 24
5700 24
5800 24
5900 24
6000 25
6100 25
6200 25
6300 26
6400 26
6500 26
6600 26
6700 27
6800 27
6900 27
7000 27
7100 27
7200 27
7300 28
7400 28
7500 28
7600 29
7700 29
7800 30
7900 30
8000 30
8100 31
8200 27
8300 27
8400 27
8500 26
8600 26
8700 26
8800 27
8900 27
9000 27
9100 27
9200 27
9300 28
9400 28
9500 28
9600 28
9700 28
9800 29
9900 29
10000 27
