100 0
200 0
300 0
400 0
500 0
600 0
700 0
800 0
900 0
1000 0
1100 0
1200 1
1300 1
1400 1
1500 1
1600 1
1700 1
1800 1
1900 1
2000 1
2100 1
2200 1
2300 1
2400 1
2500 1
2600 1
2700 1
2800 2
2900 2
3000 2
3100 1
3200 2
3300 2
3400 2
3500 2
3600 2
3700 2
3800 3
3900 3
4000 3
4100 3
4200 3
4300 3
4400 3
4500 3
4600 4
4700 4
4800 4
4900 4
5000 4
5100 4
5200 4
5300 4
5400 4
5500 5
5600 4
5700 5
5800 5
5900 5
6000 5
6100 5
6200 5
6300 6
6400 6
6500 6
6600 6
6700 7
6800 6
6900 7
7000 6
7100 6
7200 6
7300 6
7400 6
7500 6
7600 7
7700 6
7800 6
7900 6
8000 6
8100 6
8200 6
8300 6
8400 6
8500 7
8600 7
8700 7
8800 7
8900 7
9000 7
9100 7
9200 8
9300 8
9400 8
9500 8
9600 7
9700 8
9800 8
9900 8
10000 8
