100 0
200 0
300 0
400 0
500 0
600 0
700 0
800 0
900 0
1000 0
1100 0
1200 0
1300 0
1400 0
1500 1
1600 1
1700 1
1800 1
1900 1
2000 1
2100 1
2200 1
2300 1
2400 1
2500 1
2600 1
2700 1
2800 1
2900 1
3000 1
3100 1
3200 1
3300 1
3400 1
3500 1
3600 1
3700 1
3800 1
3900 1
4000 1
4100 1
4200 1
4300 1
4400 2
4500 2
4600 2
4700 2
4800 2
4900 2
5000 2
5100 2
5200 2
5300 2
5400 2
5500 2
5600 2
5700 2
5800 2
5900 2
6000 2
6100 2
6200 2
6300 2
6400 2
6500 2
6600 2
6700 2
6800 2
6900 2
7000 2
7100 2
7200 2
7300 2
7400 2
7500 2
7600 2
7700 2
7800 2
7900 2
8000 2
8100 2
8200 2
8300 2
8400 2
8500 2
8600 2
8700 2
8800 2
8900 2
9000 2
9100 1
9200 1
9300 1
9400 1
9500 2
9600 1
9700 1
9800 1
9900 2
10000 1
