100 9
200 18
300 28
400 37
500 46
600 58
700 68
800 77
900 87
1000 98
1100 108
1200 118
1300 129
1400 139
1500 146
1600 151
1700 161
1800 172
1900 182
2000 190
2100 199
2200 210
2300 219
2400 228
2500 239
2600 243
2700 251
2800 244
2900 239
3000 247
3100 243
3200 258
3300 270
3400 280
3500 289
3600 286
3700 300
3800 305
3900 310
4000 295
4100 304
4200 309
4300 317
4400 326
4500 323
4600 331
4700 340
4800 348
4900 350
5000 361
5100 371
5200 372
5300 382
5400 335
5500 346
5600 355
5700 365
5800 367
5900 373
6000 377
6100 383
6200 386
6300 389
6400 393
6500 400
6600 411
6700 423
6800 428
6900 429
7000 438
7100 435
7200 434
7300 448
7400 450
7500 450
7600 460
7700 472
7800 461
7900 477
8000 476
8100 480
8200 494
8300 504
8400 494
8500 500
8600 505
8700 495
8800 498
8900 511
9000 515
9100 485
9200 491
9300 497
9400 489
9500 472
9600 465
9700 474
9800 484
9900 463
10000 475
