100 0
200 1
300 1
400 2
500 2
600 1
700 1
800 1
900 2
1000 2
1100 2
1200 1
1300 1
1400 2
1500 2
1600 3
1700 3
1800 2
1900 3
2000 3
2100 3
2200 4
2300 4
2400 4
2500 4
2600 4
2700 4
2800 4
2900 2
3000 2
3100 3
3200 4
3300 3
3400 3
3500 4
3600 4
3700 5
3800 4
3900 4
4000 4
4100 5
4200 5
4300 5
4400 4
4500 4
4600 4
4700 4
4800 3
4900 1
5000 2
5100 2
5200 2
5300 2
5400 3
5500 2
5600 2
5700 2
5800 2
5900 2
6000 1
6100 2
6200 2
6300 2
6400 1
6500 2
6600 2
6700 1
6800 2
6900 2
7000 2
7100 2
7200 1
7300 2
7400 2
7500 2
7600 2
7700 2
7800 3
7900 3
8000 3
8100 2
8200 3
8300 3
8400 2
8500 1
8600 2
8700 2
8800 2
8900 2
9000 3
9100 3
9200 3
9300 3
9400 3
9500 2
9600 2
9700 2
9800 3
9900 3
10000 3
