100 10
200 20
300 30
400 39
500 50
600 60
700 70
800 80
900 90
1000 100
1100 110
1200 120
1300 130
1400 139
1500 150
1600 160
1700 169
1800 179
1900 188
2000 198
2100 209
2200 218
2300 227
2400 238
2500 248
2600 258
2700 268
2800 277
2900 287
3000 297
3100 309
3200 319
3300 328
3400 338
3500 350
3600 361
3700 372
3800 379
3900 389
4000 397
4100 407
4200 417
4300 428
4400 438
4500 448
4600 458
4700 468
4800 476
4900 486
5000 496
5100 508
5200 518
5300 528
5400 536
5500 548
5600 559
5700 569
5800 580
5900 591
6000 602
6100 611
6200 618
6300 633
6400 646
6500 658
6600 667
6700 679
6800 690
6900 699
7000 710
7100 719
7200 725
7300 732
7400 743
7500 752
7600 765
7700 777
7800 785
7900 794
8000 804
8100 814
8200 824
8300 834
8400 844
8500 855
8600 864
8700 874
8800 880
8900 889
9000 901
9100 913
9200 926
9300 933
9400 943
9500 952
9600 958
9700 967
9800 974
9900 981
10000 991
