100 0
200 0
300 0
400 0
500 0
600 0
700 0
800 0
900 0
1000 0
1100 1
1200 1
1300 1
1400 1
1500 1
1600 1
1700 1
1800 1
1900 1
2000 1
2100 1
2200 2
2300 2
2400 2
2500 2
2600 2
2700 2
2800 2
2900 2
3000 2
3100 3
3200 3
3300 3
3400 3
3500 3
3600 3
3700 4
3800 4
3900 4
4000 4
4100 4
4200 4
4300 4
4400 4
4500 4
4600 4
4700 5
4800 5
4900 5
5000 5
5100 6
5200 6
5300 6
5400 6
5500 6
5600 6
5700 6
5800 6
5900 6
6000 6
6100 6
6200 6
6300 6
6400 6
6500 6
6600 6
6700 6
6800 6
6900 6
7000 6
7100 6
7200 7
7300 7
7400 7
7500 7
7600 7
7700 7
7800 7
7900 8
8000 8
8100 8
8200 8
8300 8
8400 8
8500 8
8600 8
8700 8
8800 9
8900 9
9000 8
9100 9
9200 9
9300 9
9400 9
9500 9
9600 9
9700 9
9800 9
9900 10
10000 9
