100 0
200 1
300 1
400 1
500 1
600 1
700 1
800 1
900 1
1000 1
1100 1
1200 1
1300 1
1400 2
1500 1
1600 1
1700 1
1800 1
1900 1
2000 1
2100 1
2200 1
2300 1
2400 1
2500 1
2600 1
2700 1
2800 2
2900 2
3000 2
3100 1
3200 2
3300 2
3400 2
3500 2
3600 1
3700 1
3800 1
3900 1
4000 1
4100 1
4200 1
4300 1
4400 1
4500 1
4600 1
4700 1
4800 1
4900 1
5000 1
5100 1
5200 1
5300 1
5400 1
5500 2
5600 2
5700 2
5800 1
5900 1
6000 1
6100 2
6200 2
6300 2
6400 2
6500 2
6600 1
6700 1
6800 1
6900 1
7000 1
7100 1
7200 1
7300 2
7400 2
7500 2
7600 2
7700 2
7800 2
7900 2
8000 2
8100 2
8200 2
8300 2
8400 2
8500 2
8600 2
8700 2
8800 2
8900 2
9000 2
9100 2
9200 2
9300 2
9400 2
9500 2
9600 2
9700 2
9800 1
9900 2
10000 2
