# Avida Dominant Data
# Thu Jan 31 19:59:20 2019
#  1: Update
#  2: Average Merit of the Dominant Genotype
#  3: Average Gestation Time of the Dominant Genotype
#  4: Average Fitness of the Dominant Genotype
#  5: Repro Rate?
#  6: Size of Dominant Genotype
#  7: Copied Size of Dominant Genotype
#  8: Executed Size of Dominant Genotype
#  9: Abundance of Dominant Genotype
# 10: Number of Births
# 11: Number of Dominant Breed True?
# 12: Dominant Gene Depth
# 13: Dominant Breed In
# 14: Max Fitness?
# 15: Genotype ID of Dominant Genotype
# 16: Name of the Dominant Genotype

0 0 0 0 0 100 0 0 1 0 0 0 0 2.22507e-308 1 100-aaaaa 
100 97 389 0.249357 0.00257069 100 100 0 6 1 0 0 0 0.249357 1 100-aaaaa 
200 87 370 0.235135 0.0027027 99 99.6667 0 3 0 0 5 0 0.235135 95 099-aaaaa 
300 96 382 0.251309 0.0026178 99 98.5 0 3 1 0 5 0 0.251309 158 099-aaaae 
400 98 390 0.251282 0.0025641 101 101 0 4 0 0 6 0 0.251282 188 101-aaaac 
500 98 387 0.25323 0.00258398 101 101 0 2 0 0 8 0 0.25323 271 101-aaaae 
600 98 387 0.25323 0.00258398 101 101 0 2 0 0 10 0 0.25323 384 101-aaaaj 
700 94 383 0.245431 0.00261097 101 101 0 3 11 6 10 1 0.245431 387 101-aaaak 
800 97 380 0.255263 0.00263158 100 100.2 0 2 5 3 12 1 0.255263 514 100-aaaae 
900 95 377 0.251989 0.00265252 100 100 0 3 0 0 14 0 0.251989 605 100-aaaah 
1000 96 376 0.255319 0.00265957 99 99 0 4 0 0 12 0 0.255319 647 099-aaaav 
1100 96 376 0.255319 0.00265957 99 99 0 3 0 0 13 0 0.255319 735 099-aaaaz 
1200 96 380 0.252632 0.00263158 101 101 0 3 0 0 17 0 0.252632 804 101-aaaaq 
1300 96 376 0.255319 0.00265957 99 99 0 3 0 0 14 0 0.255319 780 099-aaabe 
1400 96 373 0.257373 0.00268097 99 99 0 3 0 0 15 0 0.257373 931 099-aaabm 
1500 96 375 0.256 0.00266667 99 99 0 2 0 0 18 0 0.256 1032 099-no_name 
1600 93 363 0.256198 0.00275482 98 98 0 4 0 0 27 0 0.256198 1105 098-aaaaf 
1700 91 359 0.253482 0.00278552 98 98 0 3 0 0 29 0 0.253482 1164 098-aaaaj 
1800 91 359 0.253482 0.00278552 98 98 0 4 0 0 33 0 0.253482 1251 098-aaaao 
1900 91 359 0.253482 0.00278552 98 98 0 2 0 0 34 0 0.253482 1278 098-aaaar 
2000 96 362 0.265193 0.00276243 99 99 0 5 1 0 34 0 0.265193 1349 099-aaacc 
2100 95 375 0.253333 0.00266667 99 99 0 2 0 0 26 0 0.253333 1462 099-aaacg 
2200 95 355 0.267606 0.0028169 98 98 0 2 0 0 37 0 0.267606 1499 098-aaaaz 
2300 95 357 0.266106 0.00280112 98 98 0 3 0 0 39 0 0.266106 1605 098-aaabc 
2400 95 357 0.266106 0.00280112 98 98 0 3 0 0 42 0 0.266106 1735 098-aaabg 
2500 91 351 0.259259 0.002849 97 97 0 4 0 0 45 0 0.259259 1779 097-aaaad 
2600 92 365 0.252055 0.00273973 101 101 0 4 0 0 52 0 0.252055 1857 101-aaaaw 
2700 91 349 0.260745 0.00286533 98 98 0 3 1 1 56 0 0.260745 1924 098-aaabm 
2800 95 360 0.263889 0.00277778 98 98 0 3 0 0 45 0 0.263889 1923 098-aaabl 
2900 95 360 0.263889 0.00277778 98 98 0 2 0 0 48 0 0.263889 2132 098-no_name 
3000 90 348 0.258621 0.00287356 98 98.2143 0 3 0 0 61 0 0.258621 2136 098-aaabu 
3100 83 339 0.244838 0.00294985 97 97.2222 0 3 1 0 63 0 0.244838 2253 097-aaaah 
3200 92 357 0.257703 0.00280112 97 97 0 3 0 0 54 0 0.257703 2352 097-aaaaj 
3300 95 360 0.263889 0.00277778 99 99 0 2 0 0 70 0 0.263889 2443 099-no_name 
3400 95 361 0.263158 0.00277008 100 100 0 3 0 0 72 0 0.263158 2464 100-aaaaz 
3500 96 365 0.263014 0.00273973 101 100.81 0 3 0 0 73 0 0.263014 2506 101-aaabi 
3600 95 364 0.260989 0.00274725 100 100 0 3 0 0 77 0 0.260989 2625 100-aaabh 
3700 96 365 0.263014 0.00273973 101 101 0 3 1 0 75 0 0.263014 2683 101-aaabm 
3800 96 365 0.263014 0.00273973 101 101 0 4 0 0 75 0 0.263014 2683 101-aaabm 
3900 94 364 0.258242 0.00274725 101 101 0 7 0 0 77 0 0.258242 2807 101-aaabn 
4000 94 364 0.258242 0.00274725 101 101 0 3 0 0 77 0 0.258242 2807 101-aaabn 
4100 95 366 0.259563 0.00273224 101 101 0 2 0 0 82 0 0.259563 2975 101-aaabv 
4200 95 366 0.259563 0.00273224 101 101 0 3 0 0 83 0 0.259563 3087 101-aaaca 
4300 98 372 0.263441 0.00268817 102 102 0 2 0 0 87 0 0.263441 3143 102-aaaaj 
4400 97 373 0.260054 0.00268097 102 102 0 3 0 0 89 0 0.260054 3212 102-aaaam 
4500 95 364 0.260989 0.00274725 101 101 0 2 0 0 88 0 0.260989 3301 101-aaacf 
4600 72 348 0.206897 0.00287356 101 101 0 2 0 0 90 0 0.206897 3400 101-aaacj 
4700 94 359 0.261838 0.00278552 100 100 0 4 2 2 91 0 0.261838 3471 100-aaabv 
4800 95 359 0.264624 0.00278552 100 100 0 4 0 0 94 0 0.264624 3534 100-aaaca 
4900 95 364 0.260989 0.00274725 100 100 0 2 0 0 101 0 0.260989 3643 100-no_name 
5000 94 364 0.258242 0.00274725 100 100 0 4 0 0 103 0 0.258242 3684 100-aaacd 
5100 94 364 0.258242 0.00274725 100 100 0 4 0 0 105 0 0.258242 3752 100-aaach 
5200 94 366 0.256831 0.00273224 100 100 0 5 0 0 106 0 0.256831 3786 100-aaacj 
5300 97.5294 375.529 0.25971 0.00266291 103 102.765 0 4 0 0 109 0 0.260638 3845 103-aaaad 
5400 96 369 0.260163 0.00271003 101 101 0 3 0 0 107 0 0.260163 3889 101-aaadd 
5500 98 279 0.351254 0.00358423 103 103 0 4 0 0 115 0 0.351254 4058 103-aaaak 
5600 98 280 0.35 0.00357143 103 103 0 5 0 0 117 0 0.35 4144 103-aaaap 
5700 98 280 0.35 0.00357143 103 103 0 2 0 0 119 0 0.35 4240 103-aaaav 
5800 96 278 0.345324 0.00359712 103 103 0 4 0 0 120 0 0.345324 4314 103-aaaba 
5900 96 278 0.345324 0.00359712 103 103 0 3 0 0 122 0 0.345324 4407 103-aaabi 
6000 98 278 0.352518 0.00359712 103 103 0 2 0 0 128 0 0.352518 4533 103-no_name 
6100 98 279 0.351254 0.00358423 103 103 0 2 0 0 129 0 0.351254 4581 103-aaabz 
6200 98 279 0.351254 0.00358423 103 103 0 3 0 0 130 0 0.351254 4632 103-aaacc 
6300 97 280 0.346429 0.00357143 103 103 0 6 0 0 133 0 0.346429 4757 103-aaack 
6400 97 281 0.345196 0.00355872 103 103 0 4 0 0 134 0 0.345196 4860 103-aaacs 
6500 82 270 0.303704 0.0037037 103 103 0 2 0 0 139 0 0.303704 4972 103-aaacz 
6600 97 280 0.346429 0.00357143 103 103 0 3 0 0 139 0 0.346429 5011 103-aaadc 
6700 96 279 0.344086 0.00358423 103 103 0 2 1 1 141 0 0.344086 5112 103-aaadj 
6800 98 281 0.348754 0.00355872 103 103 0 3 1 0 144 0 0.348754 5235 103-aaads 
6900 96 482 0.19917 0.00207469 103 103 0 2 0 0 148 0 0.19917 5326 103-no_name 
7000 98 282 0.347518 0.0035461 103 103 0 2 0 0 147 0 0.347518 5369 103-aaaed 
7100 97 281 0.345196 0.00355872 103 103 0 2 0 0 150 0 0.345196 5488 103-aaaen 
7200 98 283 0.34629 0.00353357 103 103 0 4 2 1 157 0 0.34629 5543 103-aaaer 
7300 95 281 0.338078 0.00355872 103 103 0 4 0 0 159 0 0.338078 5632 103-aaafc 
7400 96 280 0.342857 0.00357143 103 103 0 3 0 0 158 0 0.342857 5764 103-aaafi 
7500 97 282 0.343972 0.0035461 103 103 0 4 1 1 159 0 0.343972 5809 103-aaafn 
7600 96 281 0.341637 0.00355872 103 103 0 6 0 0 163 0 0.341637 5841 103-aaafq 
7700 95 283 0.335689 0.00353357 103 103 0 2 0 0 168 0 0.335689 6025 103-aaagc 
7800 96 280 0.342857 0.00357143 103 103 0 3 0 0 162 0 0.342857 6036 103-aaagd 
7900 96 280 0.342857 0.00357143 103 103 0 3 0 0 162 0 0.342857 6036 103-aaagd 
8000 96 281 0.341637 0.00355872 103 103 0 3 0 0 171 0 0.341637 6276 103-aaagn 
8100 96 282 0.340426 0.0035461 103 103 0 6 1 1 166 0 0.340426 6328 103-aaagr 
8200 97 281 0.345196 0.00355872 103 103 0 2 0 0 176 0 0.345196 6423 103-aaagu 
8300 98 286 0.342657 0.0034965 103 103 0 3 0 0 181 0 0.342657 6542 103-aaahe 
8400 95 283 0.335689 0.00353357 103 103 0 3 0 0 174 0 0.335689 6583 103-aaahj 
8500 97 283 0.342756 0.00353357 103 103 0 2 1 0 178 0 0.342756 6681 103-aaaht 
8600 96 283 0.339223 0.00353357 103 103 0 3 0 0 178 0 0.339223 6750 103-aaahz 
8700 192 281 0.683274 0.00355872 103 103 0 3 0 0 179 0 0.683274 6840 103-aaaih 
8800 196 283 0.69258 0.00353357 103 103 0 2 0 0 183 0 0.69258 6954 103-aaais 
8900 196 282 0.695035 0.0035461 103 103 0 2 1 0 185 0 0.695035 7038 103-aaaja 
9000 198 495 0.4 0.0020202 104 104 0 2 0 0 189 0 0.4 7124 104-aaaag 
9100 196 283 0.69258 0.00353357 103 103 0 2 0 0 186 0 0.69258 7192 103-aaajk 
9200 196 286 0.685315 0.0034965 103 103 0 3 0 0 196 0 0.685315 7331 103-aaaju 
9300 196 283 0.69258 0.00353357 103 103 0 2 0 0 191 0 0.69258 7349 103-aaajy 
9400 198 286 0.692308 0.0034965 103 103 0 2 0 0 194 0 0.692308 7459 103-aaakb 
9500 198 287 0.689895 0.00348432 103 103 0 4 0 0 195 0 0.689895 7549 103-aaake 
9600 198 287 0.689895 0.00348432 103 103 0 3 0 0 197 0 0.689895 7659 103-aaakm 
9700 198 287 0.689895 0.00348432 103 103 0 3 2 1 201 0 0.689895 7746 103-aaaks 
9800 198 288 0.6875 0.00347222 103 103 0 2 0 0 203 0 0.6875 7806 103-aaakx 
9900 198 287 0.689895 0.00348432 103 103 0 5 3 2 203 0 0.689895 7890 103-aaalc 
10000 196 388 0.505155 0.00257732 102 102.667 0 2 0 0 206 0 0.505155 8035 102-aaaax 
10100 198 287 0.689895 0.00348432 103 103 0 4 0 0 207 0 0.689895 8108 103-aaall 
10200 198 284 0.697183 0.00352113 103 103 0 3 0 0 209 0 0.697183 8178 103-aaalp 
10300 200 288 0.694444 0.00347222 103 103 0 5 2 1 211 0 0.694444 8334 103-aaalu 
10400 198 285 0.694737 0.00350877 103 103 0 5 1 1 212 0 0.694737 8341 103-aaalw 
10500 130 256 0.507813 0.00390625 103 103 0 2 0 0 216 0 0.507813 8491 103-aaamb 
10600 198 284 0.697183 0.00352113 103 103 0 2 0 0 216 0 0.697183 8511 103-aaamc 
10700 194 284 0.683099 0.00352113 103 103 0 3 2 1 220 0 0.683099 8692 103-aaamk 
10800 194 284 0.683099 0.00352113 103 103 0 2 0 0 222 0 0.683099 8798 103-aaamp 
10900 194 284 0.683099 0.00352113 103 103 0 3 0 0 221 0 0.683099 8846 103-aaams 
11000 190 281 0.676157 0.00355872 102 102 0 3 0 0 225 0 0.676157 8887 102-aaaba 
11100 196 282 0.695035 0.0035461 103 103 0 3 0 0 230 0 0.695035 9042 103-aaanj 
11200 196 285 0.687719 0.00350877 103 103 0 3 0 0 228 0 0.687719 9126 103-aaanm 
11300 196 282 0.695035 0.0035461 103 103 0 5 0 0 234 0 0.695035 9202 103-aaanu 
11400 195.6 282.8 0.691652 0.00353607 103 103 0 3 0 0 237 0 0.69258 9300 103-aaaoe 
11500 195.333 281.667 0.693487 0.00355031 103 103 0 4 0 0 241 0 0.695035 9368 103-aaaok 
11600 194 281 0.690391 0.00355872 103 103 0 3 0 0 242 0 0.690391 9483 103-aaaon 
11700 194 280 0.692857 0.00357143 103 103 0 3 0 0 243 0 0.692857 9567 103-aaaow 
11800 194 281 0.690391 0.00355872 103 103 0 3 0 0 244 0 0.690391 9642 103-aaapc 
11900 392 283 1.38516 0.00353357 103 103 0 2 0 0 248 0 1.38516 9753 103-aaapj 
12000 384 477 0.805031 0.00209644 101 101.25 0 3 0 0 252 0 0.805031 9811 101-aaadl 
12100 195.2 280.6 0.695648 0.0035638 103 103 0 1 0 0 248 0 0.697509 9881 103-aaapq 
12200 201.6 283.8 0.710357 0.00352362 104 103.2 0 4 0 0 252 0 0.711268 9943 104-aaaan 
12300 388 474 0.818565 0.0021097 101 101 0 2 0 0 258 0 0.818565 10012 101-no_name 
12400 388 474 0.818565 0.0021097 101 101 0 3 0 0 258 0 0.818565 10012 101-aaadr 
12500 388 474 0.818565 0.0021097 101 101 0 4 0 0 261 0 0.818565 10103 101-aaadw 
12600 192 470 0.408511 0.00212766 100 100 0 3 0 0 262 0 0.408511 10147 100-aaacp 
12700 384 475 0.808421 0.00210526 101 101 0 3 0 0 261 0 0.808421 10174 101-aaaeb 
12800 384 470 0.817021 0.00212766 100 100 0 2 0 0 267 0 0.817021 10274 100-aaacr 
12900 384 470 0.817021 0.00212766 100 100 0 6 1 0 267 0 0.817021 10274 100-aaacr 
13000 384 470 0.817021 0.00212766 100 100 0 3 1 1 267 0 0.817021 10274 100-aaacr 
13100 384 470 0.817021 0.00212766 100 100 0 4 0 0 268 0 0.817021 10425 100-aaacs 
13200 384 470 0.817021 0.00212766 100 100 0 4 0 0 269 0 0.817021 10516 100-aaacw 
13300 384 468 0.820513 0.00213675 100 100 0 3 0 0 274 0 0.820513 10569 100-aaada 
13400 384 467 0.82227 0.00214133 100 100 0 2 0 0 275 0 0.82227 10644 100-aaadf 
13500 384 467 0.82227 0.00214133 100 100 0 5 1 0 276 0 0.82227 10673 100-aaadh 
13600 1536 471 3.26115 0.00212314 100 100 0 3 0 0 278 0 3.26115 10743 100-aaadj 
13700 1552 476 3.2605 0.00210084 101 101 0 3 0 0 280 0 3.2605 10807 101-aaaei 
13800 768 467 1.64454 0.00214133 100 100 0 4 0 0 280 0 1.64454 10858 100-aaadn 
13900 1568 481 3.25988 0.002079 102 102 0 2 0 0 283 0 3.25988 10907 102-aaabi 
14000 1568 481 3.25988 0.002079 102 102 0 5 0 0 285 0 3.25988 10972 102-aaabl 
14100 1552 472 3.28814 0.00211864 101 101 0 4 4 4 288 1 3.28814 11058 101-aaaen 
14200 1536 471 3.26115 0.00212314 100 100 0 2 0 0 283 0 3.26115 11008 100-aaadp 
14300 1568 481 3.25988 0.002079 103 102.583 0 2 0 0 291 0 3.25988 11144 103-aaapt 
14400 1568 481 3.25988 0.002079 103 103 0 2 0 0 294 0 3.25988 11208 103-aaapw 
14500 1040 447 2.32662 0.00223714 101 101 0 3 0 0 290 0 2.32662 11290 101-aaaew 
14600 768 470 1.63404 0.00212766 101 101 0 3 0 0 291 0 1.63404 11310 101-aaaex 
14700 1552 473 3.28118 0.00211416 101 101 0 4 0 0 295 0 3.28118 11362 101-aaafb 
14800 1552 473 3.28118 0.00211416 101 101 0 3 0 0 295 0 3.28118 11362 101-aaafb 
14900 1536 466 3.29614 0.00214592 100 100 0 4 1 1 297 0 3.29614 11506 100-aaaeb 
15000 1504 469 3.20682 0.0021322 101 100.929 0 3 0 0 298 0 3.20682 11509 101-aaafd 
15100 1552 479 3.24008 0.00208768 103 102.333 0 3 0 0 302 0 3.24008 11641 103-aaaqa 
15200 1520 470 3.23404 0.00212766 101 101 0 2 0 0 299 0 3.23404 11612 101-aaaff 
15300 1552 480 3.23333 0.00208333 103 103 0 3 0 0 305 0 3.23333 11708 103-aaaqe 
15400 1536 480 3.2 0.00208333 103 103 0 2 0 0 309 0 3.2 11784 103-aaaqi 
15500 760 473 1.60677 0.00211416 103 103 0 4 0 0 309 0 1.60677 11855 103-aaaql 
15600 1008 440 2.29091 0.00227273 100 100 0 3 0 0 315 0 2.29091 11917 100-aaaeg 
15700 3104 480 6.46667 0.00208333 103 103 0 5 1 1 308 0 6.46667 11977 103-aaaqo 
15800 3046.4 478.2 6.37054 0.00209118 102 102.6 0 3 0 0 311 0 6.41336 12032 102-aaabt 
15900 3008 472 6.37288 0.00211864 102 102 0 2 0 0 313 0 6.37288 12110 102-no_name 
16000 3046.4 470.2 6.47893 0.00212676 101 101 0 2 1 0 316 0 6.52229 12154 101-aaafh 
16100 3049.14 470.286 6.48357 0.00212637 101 101 0 3 0 0 317 0 6.52229 12186 101-aaafj 
16200 3040 474 6.4135 0.0021097 101 101 0 3 4 3 320 1 6.4135 12275 101-aaafl 
16300 3113.6 480.3 6.48259 0.00208203 102 102 0 3 0 0 322 0 6.51975 12298 102-aaaci 
16400 3051.89 474.371 6.43351 0.00210805 102 102 0 3 1 0 319 0 6.46737 12238 102-aaacb 
16500 3082 476.313 6.47052 0.00209946 102 102 0 3 0 0 320 0 6.50734 12386 102-aaaco 
16600 3072 471 6.52229 0.00212314 102 102 0 6 0 0 323 0 6.52229 12480 102-aaacr 
16700 3016.53 465 6.48717 0.00215054 102 102.333 0 3 0 0 324 0 6.53763 12486 102-aaacu 
16800 3050.67 465.333 6.55585 0.002149 101 101 0 3 0 0 326 0 6.59227 12539 101-aaafn 
16900 3057.23 468.538 6.52501 0.0021343 101 101 0 4 0 0 328 0 6.55011 12617 101-aaafp 
17000 3052 470.375 6.48841 0.00212597 102 102.188 0 3 0 0 327 0 6.52229 12672 102-aaada 
17100 3072 474 6.48101 0.0021097 103 103 0 2 0 0 328 0 6.48101 12762 103-aaarc 
17200 3072 474 6.48101 0.0021097 103 103 0 2 0 0 329 0 6.48101 12810 103-aaard 
17300 2985.6 470.3 6.34826 0.0021263 101 101 0 3 0 0 334 0 6.38641 12860 101-aaafw 
17400 3048 472.25 6.45419 0.00211752 102 101.25 0 2 0 0 335 0 6.49471 12944 102-aaade 
17500 3049.14 472.286 6.45612 0.00211736 102 102 0 2 0 0 336 0 6.49471 12973 102-aaadi 
17600 3136 476 6.58824 0.00210084 102 102 0 3 2 1 338 0 6.58824 13069 102-aaadm 
17700 3040 465 6.53763 0.00215054 101 101.667 0 3 0 0 336 0 6.53763 13133 101-aaagb 
17800 3104 478 6.49372 0.00209205 103 103 0 3 0 0 338 0 6.49372 13091 103-aaarg 
17900 3104 478.8 6.48288 0.00208856 103 103 0 3 0 0 342 0 6.49372 13228 103-aaarl 
18000 3045.33 481.167 6.32905 0.00207828 103 102.833 0 2 0 0 341 0 6.37344 13274 103-no_name 
18100 2944 466 6.3176 0.00214592 100 100.6 0 3 0 0 343 0 6.3176 13355 100-aaaek 
18200 3054.4 473.45 6.45134 0.00211216 102 102 0 5 1 0 342 0 6.48101 13383 102-aaaed 
18300 3080 482.25 6.38671 0.00207361 103 102.667 0 3 0 0 343 0 6.4265 13458 103-aaaro 
18400 3104 480 6.46667 0.00208333 103 103 0 4 0 0 345 0 6.46667 13558 103-aaars 
18500 3072 474 6.48101 0.0021097 103 103 0 3 2 2 348 1 6.48101 13616 103-aaaru 
18600 2925.09 467.409 6.25807 0.00213946 101 101.318 0 7 1 1 351 0 6.2906 13623 101-aaagf 
18700 3008 474 6.34599 0.0021097 102 102 0 6 0 0 351 0 6.34599 13690 102-aaaei 
18800 2976 469 6.34542 0.0021322 102 102 0 4 0 0 353 0 6.34542 13775 102-aaael 
18900 3008 474 6.34599 0.0021097 102 102 0 4 0 0 351 0 6.34599 13690 102-aaaei 
19000 3008 474 6.34599 0.0021097 102 102 0 3 0 0 351 0 6.34599 13690 102-aaaei 
19100 3008 474 6.34599 0.0021097 102 102 0 5 0 0 351 0 6.34599 13690 102-aaaei 
19200 3008 474 6.34599 0.0021097 102 102 0 5 2 2 351 0 6.34599 13690 102-aaaei 
19300 3078.86 486.214 6.33229 0.00205671 103 102.786 0 3 0 0 356 0 6.37372 14032 103-aaasa 
19400 3040 477 6.37317 0.00209644 102 102 0 3 4 3 357 1 6.37317 14123 102-aaafa 
19500 3079.38 486.231 6.33316 0.00205664 103 102.846 0 4 0 0 358 0 6.37372 14156 103-aaasd 
19600 3008 480 6.26667 0.00208333 102 102 0 5 0 0 359 0 6.26667 14182 102-aaafc 
19700 3079.38 486.231 6.33316 0.00205664 103 103 0 2 0 0 359 0 6.37372 14261 103-aaasf 
19800 384 485 0.791753 0.00206186 103 103 0 2 0 0 361 0 0.791753 14368 103-no_name 
19900 3040 575 5.28696 0.00173913 102 102 0 3 0 0 365 0 5.28696 14396 102-aaafm 
20000 3040 575 5.28696 0.00173913 102 102 0 5 0 0 365 0 5.28696 14396 102-aaafm 
20100 3046.86 585.214 5.20638 0.00170878 103 103 0 4 0 0 366 0 5.24232 14456 103-aaasl 
20200 3048 585.25 5.20802 0.00170867 103 103 0 5 1 1 366 0 5.24232 14456 103-aaasl 
20300 3072 485 6.33402 0.00206186 102 102 0 4 2 0 366 0 6.33402 14580 102-aaafr 
20400 736 470 1.56596 0.00212766 100 100 0 2 0 0 370 0 1.56596 14659 100-no_name 
20500 2976 480 6.2 0.00208333 101 101 0 4 0 0 372 0 6.2 14664 101-aaagr 
20600 3072 482 6.37344 0.00207469 101 101 0 2 0 0 375 0 6.37344 14746 101-aaagt 
20700 2976 371 8.02156 0.00269542 100 100.4 0 2 0 0 372 0 8.02156 14811 100-aaaem 
20800 2976 371 8.02156 0.00269542 100 100 0 4 0 0 373 0 8.02156 14826 100-aaaen 
20900 2976 371 8.02156 0.00269542 100 100 0 3 0 0 375 0 8.02156 14916 100-aaaer 
21000 2944 371 7.93531 0.00269542 100 100 0 4 0 0 378 0 7.93531 14997 100-aaaex 
21100 2976 374 7.95722 0.0026738 100 100 0 3 0 0 378 0 7.95722 15049 100-aaafa 
21200 2944 371 7.93531 0.00269542 99 99.6667 0 4 0 0 379 0 7.93531 15175 099-aaade 
21300 3008 378 7.95767 0.0026455 101 101 0 3 0 0 383 0 7.95767 15228 101-aaahf 
21400 3008 378 7.95767 0.0026455 101 101 0 6 0 0 384 0 7.95767 15247 101-aaahi 
21500 2976 378 7.87302 0.0026455 100 100 0 3 0 0 387 0 7.87302 15390 100-aaafv 
21600 2976 375 7.936 0.00266667 100 100 0 4 0 0 387 0 7.936 15406 100-aaafx 
21700 3008 377 7.97878 0.00265252 101 101 0 2 0 0 392 0 7.97878 15536 101-no_name 
21800 3008 377 7.97878 0.00265252 101 101 0 2 0 0 391 0 7.97878 15606 101-no_name 
21900 3008 378 7.95767 0.0026455 101 101 0 4 0 0 392 0 7.95767 15680 101-aaahw 
22000 3040 380 8 0.00263158 101 101 0 3 0 0 393 0 8 15749 101-aaahz 
22100 5888 373 15.7855 0.00268097 101 101 0 4 0 0 397 0 15.7855 15813 101-aaaif 
22200 6080 379 16.0422 0.00263852 101 101 0 5 0 0 398 0 16.0422 15822 101-aaail 
22300 6080 379 16.0422 0.00263852 101 101 0 2 0 0 400 0 16.0422 15956 101-no_name 
22400 5888 373 15.7855 0.00268097 101 101 0 4 1 1 398 0 15.7855 15918 101-aaaim 
22500 6016 374 16.0856 0.0026738 100 100.667 0 3 0 0 402 0 16.0856 16117 100-aaagm 
22600 760 375 2.02667 0.00266667 100 100 0 2 0 0 404 0 2.02667 16181 100-no_name 
22700 6016 374 16.0856 0.0026738 100 100 0 3 0 0 403 0 16.0856 16152 100-aaagr 
22800 6116.27 373.567 16.3725 0.0026769 100 100 0 4 0 0 408 0 16.4278 16257 100-aaagv 
22900 6113.19 373.519 16.3664 0.00267725 100 100 0 4 0 0 409 0 16.4278 16347 100-aaahc 
23000 6104 373.375 16.3481 0.00267828 100 100 0 3 0 0 411 0 16.4278 16464 100-aaahh 
23100 6144 375 16.384 0.00266667 101 100.852 0 3 0 0 412 0 16.384 16392 101-aaaix 
23200 6144 374 16.4278 0.0026738 101 101 0 4 0 0 416 0 16.4278 16614 101-aaajc 
23300 6054.4 374.6 16.1622 0.00266952 101 100.4 0 3 0 0 415 0 16.2133 16687 101-aaajj 
23400 6040 374.375 16.1335 0.00267112 101 101 0 4 2 1 416 0 16.2133 16747 101-aaajp 
23500 6144 375 16.384 0.00266667 101 101 0 3 0 0 420 0 16.384 16764 101-aaajq 
23600 6208 379 16.3799 0.00263852 101 101 0 4 0 0 422 0 16.3799 16910 101-aaajt 
23700 6080 378 16.0847 0.0026455 100 100.667 0 3 0 0 426 0 16.0847 16993 100-aaaii 
23800 6208 377 16.4668 0.00265252 101 101 0 5 1 0 424 0 16.4668 17045 101-aaajw 
23900 6080 377 16.1273 0.00265252 100 100 0 3 0 0 428 0 16.1273 17118 100-aaain 
24000 784 379 2.0686 0.00263852 102 101 0 2 0 0 426 0 2.0686 17211 102-no_name 
24100 6080 378 16.0847 0.0026455 100 100 0 3 1 1 430 0 16.0847 17236 100-aaait 
24200 6080 373 16.3003 0.00268097 100 100 0 7 1 1 433 0 16.3003 17339 100-aaaiw 
24300 6336 387 16.3721 0.00258398 102 102 0 3 0 0 434 0 16.3721 17413 102-aaafx 
24400 6208 384 16.1667 0.00260417 101 101 0 4 0 0 436 0 16.1667 17467 101-aaakm 
24500 6272 380 16.5053 0.00263158 101 101 0 4 0 0 438 0 16.5053 17565 101-aaako 
24600 6039 382 15.8089 0.0026178 102 101.6 0 3 0 0 440 0 16.5864 17638 102-aaagb 
24700 6208 378 16.4233 0.0026455 101 101 0 2 0 0 441 0 16.4233 17746 101-no_name 
24800 6208 378 16.4233 0.0026455 101 101 0 2 1 0 442 0 16.4233 17787 101-aaakz 
24900 6208 379 16.3799 0.00263852 101 101 0 2 0 0 445 0 16.3799 17866 101-aaalh 
25000 6208 381 16.294 0.00262467 101 101 0 3 0 0 451 0 16.294 17974 101-aaalp 
25100 5992.44 379 15.8112 0.00263852 101 101 0 3 0 0 448 0 16.3799 17995 101-aaalq 
25200 6208 379 16.3799 0.00263852 101 101 0 12 2 2 450 0 16.3799 18055 101-aaalw 
25300 6208 378 16.4233 0.0026455 101 101 0 3 0 0 452 0 16.4233 18157 101-aaaly 
25400 6208 380 16.3368 0.00263158 101 101 0 2 0 0 453 0 16.3368 18199 101-aaama 
25500 6208 377 16.4668 0.00265252 101 101 0 4 1 1 454 0 16.4668 18301 101-aaamd 
25600 6208 375 16.5547 0.00266667 101 101 0 6 1 0 455 0 16.5547 18390 101-aaamg 
25700 6272 377 16.6366 0.00265252 101 101 0 4 20 7 456 1 16.6366 18385 101-aaamm 
25800 6272 375 16.7253 0.00266667 101 101 0 3 0 0 457 0 16.7253 18545 101-aaamo 
25900 6272 377 16.6366 0.00265252 101 101 0 4 3 1 460 0 16.6366 18634 101-aaamp 
26000 6144 372 16.5161 0.00268817 100 100 0 5 0 0 459 0 16.5161 18621 100-aaajs 
26100 3230 370 8.72973 0.0027027 100 100 0 3 0 0 461 0 16.4324 18765 100-aaaju 
26200 6272 376 16.6809 0.00265957 101 101 0 3 0 0 466 0 16.6809 18828 101-aaamz 
26300 6272 375 16.7253 0.00266667 101 101 0 4 0 0 462 0 16.7253 18793 101-aaamv 
26400 194 374 0.518717 0.0026738 101 101 0 2 0 0 468 0 0.518717 18987 101-no_name 
26500 6080 377 16.1273 0.00265252 100 100 0 4 0 0 476 0 16.1273 19011 100-aaajz 
26600 6080 378 16.0847 0.0026455 100 100 0 3 2 2 477 1 16.0847 19127 100-aaakb 
26700 6240 379.5 16.4426 0.00263505 101 101 0 2 0 0 470 0 16.5053 19168 101-aaanm 
26800 6208 382 16.2513 0.0026178 101 101 0 3 0 0 482 0 16.2513 19245 101-aaanq 
26900 6208 382 16.2513 0.0026178 101 101 0 6 1 0 482 0 16.2513 19245 101-aaanq 
27000 6118.4 375.6 16.2896 0.00266241 101 101 0 3 0 0 475 0 16.3404 19383 101-aaanz 
27100 6208 382 16.2513 0.0026178 101 101 0 2 0 0 484 0 16.2513 19363 101-aaanx 
27200 6043.43 372.429 16.227 0.00268508 100 100.429 0 3 0 0 479 0 16.3003 19536 100-aaakh 
27300 6061.71 372.714 16.2636 0.00268302 100 100 0 2 1 1 480 0 16.3003 19606 100-aaaki 
27400 6169.6 379.4 16.2614 0.00263575 101 101 0 4 0 0 482 0 16.3368 19688 101-aaaom 
27500 6176 379.5 16.274 0.00263505 101 101 0 4 0 0 484 0 16.3368 19757 101-aaaoq 
27600 6144 377 16.2971 0.00265252 101 101 0 3 0 0 481 0 16.2971 19782 101-aaaou 
27700 6026.67 375.167 16.0639 0.00266549 101 101 0 3 0 0 486 0 16.1702 19879 101-aaapa 
27800 6134.86 375.857 16.322 0.0026606 101 101 0 3 0 0 490 0 16.4668 19956 101-aaapi 
27900 6146.06 376.032 16.3442 0.00265937 101 101 0 3 0 0 490 0 16.4668 19956 101-aaapi 
28000 6208 376 16.5106 0.00265957 101 101 0 3 1 1 491 0 16.5106 20060 101-aaapl 
28100 6172 375.438 16.4394 0.00266356 101 101 0 4 0 0 492 0 16.5106 20121 101-aaapo 
28200 6169.6 375.4 16.4347 0.00266383 101 101 0 2 0 0 493 0 16.5106 20236 101-aaapr 
28300 6170.95 378.421 16.307 0.00264256 101 101 0 3 0 0 492 0 16.3799 20254 101-aaaps 
28400 6240 378.5 16.486 0.00264201 101 101 0 4 0 0 493 0 16.5488 20388 101-aaaqc 
28500 6208 382 16.2513 0.0026178 101 101 0 4 2 0 495 0 16.2513 20434 101-aaaqj 
28600 6249.41 377.647 16.5482 0.00264798 101 101 0 4 0 0 501 0 16.5926 20459 101-aaaql 
28700 6253.71 377.714 16.5567 0.00264751 101 101 0 3 1 1 502 0 16.5926 20534 101-aaaqo 
28800 5872 368.75 15.924 0.00271187 100 100.75 0 3 0 0 504 0 15.9566 20674 100-aaald 
28900 5865.6 368.65 15.9109 0.0027126 100 100.15 0 3 0 0 504 0 15.9566 20674 100-aaald 
29000 6119.38 379.615 16.1199 0.00263425 100 100 0 3 0 0 502 0 16.1684 20771 100-aaali 
29100 6118.4 380.6 16.0756 0.00262743 100 100 0 2 2 0 504 0 16.126 20880 100-aaalm 
29200 6112 380.5 16.063 0.00262813 100 100 0 4 0 0 504 0 16.126 20872 100-aaaln 
29300 6112 380.5 16.063 0.00262813 100 100 0 6 0 0 505 0 16.126 21038 100-aaalt 
29400 6171.83 379.435 16.2658 0.0026355 100 100 0 4 0 0 506 0 16.3368 21044 100-aaalv 
29500 6177.88 381.529 16.1923 0.00262103 100 100 0 3 0 0 508 0 16.2513 21138 100-aaama 
29600 6235.43 385.429 16.1778 0.00259452 101 101 0 3 0 0 511 0 16.2487 21214 101-aaard 
29700 6176 381.5 16.1886 0.00262124 100 100 0 5 0 0 512 0 16.2513 21262 100-aaame 
29800 6151.11 381.444 16.1258 0.00262162 100 100.111 0 5 0 0 515 0 16.2513 21353 100-aaamj 
29900 6203 382 16.2382 0.0026178 100 100 0 6 0 0 511 0 16.2513 21276 100-aaamf 
30000 6177.39 381.522 16.1914 0.00262109 100 100 0 8 0 0 513 0 16.2513 21343 100-aaamk 
30100 6177.75 381.527 16.1921 0.00262105 100 100 0 3 0 0 513 0 16.2513 21343 100-aaamk 
30200 6180.57 381.571 16.1976 0.00262075 100 100 0 2 0 0 514 0 16.2513 21644 100-aaamt 
30300 6080 372 16.3441 0.00268817 100 100 0 2 0 0 521 0 16.3441 21704 100-aaamx 
30400 6144 376 16.3404 0.00265957 100 100 0 2 0 0 522 0 16.3404 21770 100-aaamz 
30500 6180.57 378.571 16.326 0.00264151 100 100 0 3 0 0 523 0 16.3799 21846 100-aaanc 
30600 6184.89 378.639 16.3345 0.00264104 100 100 0 4 0 0 523 0 16.3799 21846 100-aaanc 
30700 6183.38 379.615 16.2885 0.00263425 100 100 0 4 0 0 527 0 16.3368 21986 100-aaanl 
30800 6144 379 16.2111 0.00263852 100 100 0 2 0 0 528 0 16.2111 22042 100-aaann 
30900 6186.67 384 16.1111 0.00260417 101 101 0 3 0 0 529 0 16.1667 22141 101-aaarr 
31000 6176 385 16.0416 0.0025974 101 101 0 3 1 1 531 0 16.1247 22219 101-aaart 
31100 6184 378.625 16.3327 0.00264114 100 100 0 4 1 1 535 0 16.3799 22294 100-aaanx 
31200 6306.46 386.538 16.3151 0.00258707 102 101.692 0 4 0 0 537 0 16.3721 22351 102-aaagk 
31300 6310.4 386.6 16.3227 0.00258666 102 101.9 0 3 0 0 537 0 16.3721 22351 102-aaagk 
31400 6336 387 16.3721 0.00258398 102 102 0 3 0 0 539 0 16.3721 22466 102-aaagn 
31500 6293.33 387.333 16.2478 0.00258176 102 102 0 2 0 0 540 0 16.3299 22601 102-no_name 
31600 6296 386.375 16.295 0.00258816 102 102 0 3 0 0 539 0 16.3721 22653 102-aaaha 
31700 6272 387 16.2067 0.00258398 102 102 0 3 0 0 549 0 16.2067 22690 102-aaahe 
31800 6310.4 387.6 16.2806 0.00257998 102 102 0 5 0 0 544 0 16.3299 22776 102-aaahj 
31900 6336 393 16.1221 0.00254453 103 102.774 0 4 0 0 543 0 16.1221 22742 103-aaasv 
32000 6336 392 16.1633 0.00255102 103 103 0 2 0 0 544 0 16.1633 22898 103-aaasz 
32100 6400 392 16.3265 0.00255102 103 103 0 2 1 0 550 0 16.3265 23013 103-aaath 
32200 6400 392 16.3265 0.00255102 103 103 0 2 0 0 551 0 16.3265 23074 103-aaatl 
32300 6272 390 16.0821 0.0025641 102 102 0 3 0 0 553 0 16.0821 23120 102-aaahp 
32400 6336 394 16.0812 0.00253807 103 102.85 0 3 0 0 552 0 16.0812 23121 103-aaatn 
32500 6272 392 16 0.00255102 102 102 0 4 0 0 558 0 16 23288 102-aaahv 
32600 6272 384 16.3333 0.00260417 101 101 0 3 1 0 556 0 16.3333 23303 101-aaase 
32700 6272 393 15.9593 0.00254453 102 102 0 3 0 0 559 0 15.9593 23420 102-aaaic 
32800 6400 398 16.0804 0.00251256 104 103.429 0 4 0 0 561 0 16.0804 23487 104-aaaas 
32900 6272 387 16.2067 0.00258398 101 101.5 0 3 0 0 562 0 16.2067 23525 101-aaasi 
33000 6336 391 16.2046 0.00255754 103 103 0 6 0 0 565 0 16.2046 23580 103-aaatr 
33100 6336 391 16.2046 0.00255754 103 103 0 3 0 0 565 0 16.2046 23580 103-aaatr 
33200 6400 392 16.3265 0.00255102 103 103 0 2 0 0 566 0 16.3265 23727 103-aaatx 
33300 6272 388 16.1649 0.00257732 101 101.111 0 3 0 0 567 0 16.1649 23783 101-aaask 
33400 6400 392 16.3265 0.00255102 103 103 0 3 1 0 569 0 16.3265 23832 103-aaaua 
33500 6336 395 16.0405 0.00253165 103 103 0 4 1 1 571 0 16.0405 23974 103-aaaud 
33600 6272 389 16.1234 0.00257069 102 102 0 2 0 0 576 0 16.1234 24059 102-aaaiw 
33700 196 389 0.503856 0.00257069 102 102 0 2 0 0 577 0 0.503856 24128 102-no_name 
33800 6208 386 16.0829 0.00259067 101 101 0 4 0 0 578 0 16.0829 24184 101-aaasv 
33900 6208 386 16.0829 0.00259067 101 101 0 4 2 0 578 0 16.0829 24184 101-aaasv 
34000 6144 381 16.126 0.00262467 100 100 0 4 0 0 578 0 16.126 24262 100-aaaoi 
34100 6208 381 16.294 0.00262467 100 100 0 3 0 0 581 0 16.294 24369 100-aaaol 
34200 6208 383 16.2089 0.00261097 100 100 0 2 0 0 586 0 16.2089 24472 100-aaaom 
34300 6208 382 16.2513 0.0026178 100 100 0 2 0 0 583 0 16.2513 24518 100-no_name 
34400 5521.33 396 13.9428 0.00252525 104 103.167 0 3 0 0 589 0 16.3232 24593 104-aaaav 
34500 6208 388 16 0.00257732 101 101.273 0 3 0 0 588 0 16 24672 101-aaata 
34600 432 380 1.13684 0.00263158 99 99 0 2 0 0 591 0 2.02105 24738 099-no_name 
34700 6208 387 16.0413 0.00258398 101 101 0 2 0 0 591 0 16.0413 24840 101-aaath 
34800 6043.33 392 15.4167 0.00255102 102 101.667 0 3 0 0 592 0 16 24842 102-aaajt 
34900 5126.15 392 13.0769 0.00255102 102 102 0 4 0 0 593 0 16 24945 102-aaajv 
35000 194 393 0.493639 0.00254453 103 103 0 2 0 0 600 0 0.493639 25028 103-no_name 
35100 6080 481 12.6403 0.002079 100 100.571 0 3 0 0 601 0 12.6403 25103 100-aaaot 
35200 6048 381 15.874 0.00262467 101 101 0 3 0 0 601 0 15.958 25181 101-aaats 
35300 6208 389 15.9589 0.00257069 103 102.533 0 3 0 0 602 0 15.9589 25236 103-aaaul 
35400 6144 387 15.876 0.00258398 102 102 0 3 0 0 606 0 15.876 25315 102-aaajy 
35500 6080 386 15.7513 0.00259067 102 102 0 3 0 0 608 0 15.7513 25356 102-aaajz 
35600 6069.33 384.5 15.7848 0.00260079 102 102 0 4 0 0 610 0 15.9584 25442 102-aaakh 
35700 6122.67 386.333 15.848 0.00258844 102 102 0 2 0 0 613 0 16.0413 25535 102-no_name 
35800 6124.52 386.261 15.8558 0.00258893 102 102 0 4 0 0 614 0 16.0413 25556 102-aaakk 
35900 6128.61 386.278 15.8656 0.00258881 102 102 0 5 0 0 614 0 16.0413 25556 102-aaakk 
36000 6200.89 490.333 12.6462 0.00203943 103 102.667 0 4 0 0 615 0 12.7739 25718 103-aaaut 
36100 6072 384.375 15.7969 0.00260163 102 102 0 4 0 0 617 0 15.9584 25789 102-aaakx 
36200 6065.37 384.314 15.7822 0.00260204 102 102 0 2 0 0 617 0 15.9584 25789 102-aaakx 
36300 3136 390 8.04103 0.0025641 102 102 0 2 0 0 623 0 8.04103 25925 102-no_name 
36400 6202.18 384.909 16.1133 0.00259802 102 102 0 2 1 0 623 0 16.1247 26007 102-aaalg 
36500 6336 392 16.1633 0.00255102 103 102.5 0 4 2 2 624 0 16.1633 26112 103-aaaux 
36600 6272 389 16.1234 0.00257069 102 102 0 4 0 0 624 0 16.1234 26201 102-aaaln 
36700 6208 385 16.1247 0.0025974 101 102 0 2 0 0 625 0 16.1247 26288 101-aaauc 
36800 7040 455 15.4725 0.0021978 119 119 0 3 0 0 640 0 15.4725 26395 119-aaaaa 
36900 7104 461 15.41 0.0021692 121 121 0 3 1 0 641 1 15.41 26459 121-aaaaa 
37000 6784 440 15.4182 0.00227273 117 117 0 3 1 0 641 0 15.4182 26562 117-aaaad 
37100 3392 440 7.70909 0.00227273 117 117 0 3 0 0 642 0 7.70909 26626 117-aaaag 
37200 6912 437 15.8169 0.00228833 117 117 0 2 0 0 646 0 15.8169 26689 117-aaaaj 
37300 8016 516.25 15.5273 0.00193705 135 135 0 2 0 0 655 0 15.5977 26742 135-aaaaa 
37400 8192 522 15.6935 0.00191571 138 138 0 2 0 0 659 0 15.6935 26865 138-aaaaa 
37500 8213.33 528.333 15.5457 0.00189275 138 138 0 2 0 0 658 0 15.6068 26942 138-aaaab 
37600 8512 534 15.9401 0.00187266 141 141 0 2 0 0 666 0 15.9401 27037 141-aaaac 
37700 8601.6 552.4 15.5713 0.00181028 144 144 0 1 0 0 664 0 15.6239 27067 144-no_name 
37800 9152 579 15.8066 0.00172712 151 151 0 1 0 0 671 0 15.8066 27199 151-aaaaa 
37900 8704 562 15.4875 0.00177936 147 147 0 2 0 0 667 0 15.4875 27281 147-aaaac 
38000 9216 590 15.6203 0.00169492 154 154 0 2 0 0 674 0 15.6203 27343 154-aaaaa 
38100 9280 582 15.945 0.00171821 152 152 0 2 0 0 674 1 15.945 27416 152-aaaaa 
38200 4608 589 7.82343 0.00169779 153 153 0 1 0 0 674 0 7.82343 27488 153-aaaab 
38300 9749.33 611.333 15.9476 0.00163577 161 161 0 2 0 0 680 0 16 27510 161-aaaaa 
38400 9792 615 15.922 0.00162602 162 162 0 2 0 0 681 0 15.922 27642 162-aaaaa 
38500 10176 634 16.0505 0.00157729 167 167 0 2 0 0 686 0 16.0505 27714 167-aaaaa 
38600 10240 641 15.975 0.00156006 169 169 0 2 1 0 687 0 15.975 27766 169-aaaaa 
38700 652 646 1.00929 0.00154799 171 171 0 1 0 0 690 0 1.00929 27793 171-no_name 
38800 10624 660 16.097 0.00151515 175 175 0 2 0 0 693 0 16.097 27889 175-aaaaa 
38900 10880 669.8 16.2437 0.00149298 177 177 0 2 0 0 696 0 16.2631 27948 177-no_name 
39000 10688 676 15.8107 0.00147929 179 179 0 2 0 0 696 0 15.8107 28033 179-aaaaa 
39100 10816 684 15.8129 0.00146199 181 181 0 1 0 0 698 0 15.8129 28102 181-aaaaa 
39200 10816 681 15.8825 0.00146843 180 180 0 2 0 0 698 1 15.8825 28133 180-aaaaa 
39300 10816 684 15.8129 0.00146199 181 181 0 1 0 0 698 0 15.8129 28102 181-aaaaa 
39400 11328 700 16.1829 0.00142857 186 186 0 1 0 0 704 0 16.1829 28273 186-aaaaa 
39500 11072 700 15.8171 0.00142857 185 185 0 2 0 0 702 0 15.8171 28345 185-aaaab 
39600 11200 706 15.864 0.00141643 187 186 0 1 0 0 703 0 15.864 28392 187-no_name 
39700 374 737 0.507463 0.00135685 196 196 0 2 0 0 714 0 0.507463 28483 196-aaaaa 
39800 11456 722 15.867 0.00138504 191 191 0 2 0 0 708 0 15.867 28539 191-no_name 
39900 11712 737 15.8915 0.00135685 195 195 0 2 0 0 712 0 15.8915 28617 195-aaaaa 
40000 11648 735 15.8476 0.00136054 194 194 0 2 1 0 710 0 15.8476 28667 194-aaaab 
40100 11840 749 15.8077 0.00133511 198 198 0 1 0 0 715 0 15.8077 28738 198-aaaaa 
40200 12096 754 16.0424 0.00132626 200 200 0 1 0 0 717 0 16.0424 28748 200-no_name 
40300 6144 754 8.14854 0.00132626 200 200 0 1 0 0 718 0 8.14854 28819 200-aaaaa 
40400 12608 793 15.8991 0.00126103 209 209 0 2 0 0 726 0 15.8991 28906 209-aaaaa 
40500 12330.7 774.667 15.9174 0.00129088 206 206 0 2 0 0 722 0 15.9381 28957 206-no_name 
40600 12300.8 774.2 15.8884 0.00129166 206 206 0 1 0 0 722 0 15.9381 28970 206-no_name 
40700 12608 789 15.9797 0.00126743 210 210 0 1 5 0 726 2 15.9797 29067 210-aaaab 
40800 0 0 0 0 211 0 0 1 0 0 727 0 2.22507e-308 29103 211-no_name 
40900 12608 807 15.6233 0.00123916 215 215 0 2 0 0 733 0 15.6233 29194 215-aaaab 
41000 6432 805 7.99006 0.00124224 214 214 0 2 0 0 731 0 7.99006 29261 214-no_name 
41100 6432 805 7.99006 0.00124224 214 214 0 2 0 0 731 0 7.99006 29261 214-aaaab 
41200 12608 807 15.6233 0.00123916 215 215 0 2 0 0 736 0 15.6233 29379 215-no_name 
41300 51200 809 63.288 0.00123609 215 215 0 2 0 0 742 0 63.288 29431 215-aaaah 
41400 50944 809 62.9716 0.00123609 215 215 0 2 0 0 743 0 62.9716 29459 215-aaaai 
41500 50944 809 62.9716 0.00123609 215 215 0 2 0 0 744 0 62.9716 29526 215-no_name 
41600 51712 811 63.7633 0.00123305 215 215 0 2 0 0 746 0 63.7633 29553 215-no_name 
41700 37248 800 46.56 0.00125 214 214 0 2 0 0 746 0 62.08 29625 214-no_name 
41800 50432 800 63.04 0.00125 213 213 0 2 0 0 747 0 63.04 29698 213-aaaaa 
41900 50688 800 63.36 0.00125 213 213 0 2 0 0 748 0 63.36 29739 213-aaaab 
42000 52224 802 65.1172 0.00124688 214 214 0 2 0 0 754 0 65.1172 29767 214-aaaag 
42100 51968 811 64.0789 0.00123305 215 215 0 2 0 0 748 0 64.0789 29813 215-aaaao 
42200 64448 811.25 79.4281 0.00123267 215 215 0 2 1 1 750 0 127.369 29859 215-aaaaq 
42300 51712 807 64.0793 0.00123916 214 214 0 2 0 0 750 0 64.0793 29875 214-aaaai 
42400 3184 800 3.98 0.00125 214 214 0 2 0 0 756 0 3.98 29965 214-no_name 
42500 51456 801 64.2397 0.00124844 214 214 0 1 0 0 756 0 64.2397 29984 214-aaaan 
42600 51456 801 64.2397 0.00124844 214 214 0 2 0 0 756 0 64.2397 29984 214-aaaan 
42700 50176 797 62.9561 0.00125471 214 214 0 3 0 0 762 0 62.9561 30089 214-aaaaq 
42800 50688 798 63.5188 0.00125313 213 213.6 0 2 0 0 763 0 63.5188 30133 213-aaaae 
42900 50944 801 63.6005 0.00124844 214 214 0 1 0 0 764 0 63.6005 30218 214-aaaas 
43000 50944 804 63.3632 0.00124378 214 214 0 2 0 0 768 0 63.3632 30271 214-no_name 
43100 50432 775 65.0735 0.00129032 208 208 0 1 0 0 766 0 65.0735 30256 208-no_name 
43200 52480 809 64.8702 0.00123609 215 215 0 2 0 0 770 0 64.8702 30356 215-aaaas 
43300 52480 809 64.8702 0.00123609 215 215 0 1 0 0 771 0 64.8702 30401 215-aaaau 
43400 48128 740 65.0378 0.00135135 199 199 0 1 0 0 770 0 65.0378 30474 199-aaaaa 
43500 46336 724 64 0.00138122 194 194 0 2 0 0 773 0 64 30564 194-aaaac 
43600 47104 726 64.8815 0.00137741 195 195 0 1 0 0 772 0 64.8815 30526 195-no_name 
43700 44544 690 64.5565 0.00144928 186 186 0 3 0 0 780 0 64.5565 30687 186-aaaac 
43800 45568 706 64.5439 0.00141643 190 189.286 0 1 0 0 780 0 64.5439 30720 190-aaaac 
43900 45824 708 64.7232 0.00141243 190 190 0 3 0 0 781 0 64.7232 30789 190-aaaae 
44000 46080 706 65.2691 0.00141643 190 190 0 2 0 0 785 0 65.2691 30861 190-no_name 
44100 46592 707 65.901 0.00141443 190 190 0 2 0 0 786 0 65.901 30880 190-aaaah 
44200 40960 633 64.7077 0.00157978 171 171 0 2 0 0 787 0 64.7077 30980 171-aaaaa 
44300 40704 615 66.1854 0.00162602 165 165 0 1 1 0 790 2 66.1854 31066 165-aaaab 
44400 39424 598 65.9264 0.00167224 161 161 0 2 0 0 792 0 65.9264 31122 161-aaaab 
44500 38912 593 65.6189 0.00168634 159 159 0 2 0 0 794 0 65.6189 31184 159-no_name 
44600 19072 587 32.4906 0.00170358 158 158 0 1 0 0 795 0 32.4906 31242 158-no_name 
44700 33536 517 64.8665 0.00193424 138 138 0 2 1 0 804 2 64.8665 31374 138-aaaad 
44800 36352 550 66.0945 0.00181818 147 147 0 1 0 0 800 0 66.0945 31415 147-aaaad 
44900 30208 467 64.6852 0.00214133 125 124.25 0 2 0 0 807 0 64.6852 31517 125-aaaaa 
45000 34304 531 64.6026 0.00188324 142 142 0 3 0 0 804 0 64.6026 31550 142-aaaab 
45100 33792 532 63.5188 0.0018797 142 142 0 2 0 0 805 0 63.5188 31634 142-aaaad 
45200 34048 529 64.3629 0.00189036 141 141 0 1 0 0 808 0 64.3629 31716 141-aaaaf 
45300 30208 464 65.1034 0.00215517 123 123 0 3 0 0 816 0 65.1034 31813 123-aaaaa 
45400 0 0 0 0 114 0 0 2 0 0 823 0 2.22507e-308 31960 114-aaaaa 
45500 30208 463 65.2441 0.00215983 123 123 0 1 0 0 820 0 65.2441 32026 123-aaaaf 
45600 24320 377 64.5093 0.00265252 101 102 0 2 0 0 836 0 64.5093 32162 101-no_name 
45700 26624 413 64.4649 0.00242131 110 110 0 2 0 0 827 0 64.4649 32266 110-aaaab 
45800 26112 398 65.608 0.00251256 106 106 0 2 1 0 831 0 65.608 32338 106-aaaac 
45900 26112 404 64.6337 0.00247525 107 106.8 0 2 0 0 831 0 64.6337 32391 107-aaaad 
46000 25088 385 65.1636 0.0025974 102 102 0 3 0 0 837 0 65.1636 32546 102-aaalw 
46100 25088 385 65.1636 0.0025974 102 102 0 3 0 0 838 0 65.1636 32612 102-aaama 
46200 25088 385 65.1636 0.0025974 102 102 0 3 0 0 838 0 65.1636 32612 102-aaama 
46300 25088 385 65.1636 0.0025974 102 102 0 5 0 0 838 0 65.1636 32612 102-aaama 
46400 25088 387 64.8269 0.00258398 102 102 0 3 0 0 842 0 64.8269 32861 102-aaamh 
46500 24832 383 64.8355 0.00261097 101 101.2 0 3 0 0 844 0 64.8355 32915 101-aaauo 
46600 25344 388 65.3196 0.00257732 102 102 0 3 0 0 845 0 65.3196 33003 102-aaamq 
46700 25088 386 64.9948 0.00259067 102 102 0 2 0 0 848 0 64.9948 33040 102-aaamr 
46800 25344 387 65.4884 0.00258398 102 102 0 5 0 0 850 0 65.4884 33108 102-aaamu 
46900 25344 386 65.658 0.00259067 102 102 0 3 0 0 851 0 65.658 33209 102-aaamw 
47000 25088 386 64.9948 0.00259067 101 101 0 2 0 0 856 0 64.9948 33236 101-aaauy 
47100 25344 387 65.4884 0.00258398 102 102 0 3 0 0 851 0 65.4884 33206 102-aaamx 
47200 22400 393 56.9975 0.00254453 103 102.333 0 2 1 0 860 0 65.1399 33432 103-aaavb 
47300 25088 386 64.9948 0.00259067 101 101.2 0 4 0 0 861 0 64.9948 33455 101-aaavb 
47400 25088 387 64.8269 0.00258398 101 101 0 4 0 0 862 0 64.8269 33562 101-aaavc 
47500 24941.7 385.429 64.7113 0.00259452 101 101 0 8 0 0 862 0 64.9948 33602 101-aaavd 
47600 25212.3 390.486 64.5663 0.00256092 102 102 0 5 0 0 865 0 64.8184 33659 102-aaanm 
47700 25088 390 64.3282 0.0025641 102 102 0 4 2 1 867 0 64.3282 33701 102-aaanq 
47800 25088 390 64.3282 0.0025641 102 102 0 4 0 0 870 0 64.3282 33830 102-aaanw 
47900 776 390 1.98974 0.0025641 102 102 0 2 0 0 873 0 1.98974 33925 102-no_name 
48000 24576 384 64 0.00260417 101 101 0 4 0 0 875 0 64 33999 101-aaavj 
48100 25088 390 64.3282 0.0025641 102 102 0 3 0 0 878 0 64.3282 34062 102-aaaoh 
48200 25040.8 390.368 64.1474 0.00256169 102 102 0 3 1 1 878 0 64.3282 34062 102-aaaoh 
48300 24832 391 63.509 0.00255754 101 101 0 4 2 1 882 0 63.509 34219 101-aaavm 
48400 24576 390 63.0154 0.0025641 101 101 0 3 1 0 882 0 63.0154 34255 101-aaavo 
48500 24576 388 63.3402 0.00257732 101 101 0 3 0 0 883 0 63.3402 34315 101-aaavv 
48600 24832 389 63.8355 0.00257069 101 101 0 7 0 0 885 0 63.8355 34381 101-aaawa 
48700 24576 388 63.3402 0.00257732 101 101 0 2 0 0 886 0 63.3402 34453 101-aaawh 
48800 21660 385 56.2597 0.0025974 100 100.438 0 3 0 0 887 0 63.1688 34500 100-aaapa 
48900 24320 385 63.1688 0.0025974 101 101 0 5 0 0 892 0 63.1688 34589 101-aaawn 
49000 25024 381.5 65.5947 0.00262125 101 101 0 2 0 0 894 0 65.8478 34709 101-no_name 
49100 24773.8 380.455 65.1173 0.00262845 101 101 0 3 3 1 895 0 65.3474 34714 101-aaawx 
49200 24795.4 381.286 65.0317 0.00262271 101 101 0 2 0 0 896 0 65.1759 34862 101-aaaxd 
49300 24576 382 64.3351 0.0026178 101 101 0 3 0 0 897 0 64.3351 34884 101-aaaxg 
49400 24832 381 65.1759 0.00262467 101 101 0 3 0 0 901 0 65.1759 35009 101-aaaxm 
49500 24832 380 65.3474 0.00263158 101 101 0 3 0 0 902 0 65.3474 35084 101-aaaxr 
49600 24832 381 65.1759 0.00262467 101 101 0 4 1 1 902 0 65.1759 35120 101-aaaxv 
49700 24832 380 65.3474 0.00263158 101 101 0 6 3 3 905 0 65.3474 35213 101-aaaxz 
49800 25088 383 65.5039 0.00261097 102 101.667 0 3 6 4 907 1 65.5039 35286 102-aaaoz 
49900 24320 380 64 0.00263158 101 101 0 2 0 0 908 0 64 35306 101-aaayb 
50000 24576 381 64.5039 0.00262467 102 102 0 3 0 0 912 0 64.5039 35453 102-aaapd 
50100 23958.6 365.824 65.4936 0.00273358 98 98 0 3 2 0 912 0 65.9288 35499 098-aaacj 
50200 23961.6 366.8 65.3274 0.0027263 98 98 0 2 0 0 914 0 65.7486 35596 098-aaacm 
50300 23808 367 64.8719 0.0027248 98 98 0 5 1 1 915 0 64.8719 35658 098-aaaco 
50400 23680 359 65.9625 0.00278554 97 97.3333 0 2 0 0 918 0 66.5028 35770 097-no_name 
50500 23808 367 64.8719 0.0027248 98 98 0 3 0 0 916 0 64.8719 35762 098-aaact 
50600 23722.7 359.667 65.9587 0.00278037 97 97 0 2 0 0 921 0 66.3175 35902 097-no_name 
50700 18304 355 51.5606 0.0028169 96 96.2857 0 2 0 0 924 0 65.6225 35947 096-aaaaa 
50800 23808 367 64.8719 0.0027248 98 98 0 3 6 2 921 1 64.8719 36073 098-aaadh 
50900 23296 355 65.6225 0.0028169 95 95.5 0 5 0 0 924 0 65.6225 36159 095-aaaaa 
51000 16070.4 370 43.4335 0.0027027 99 99 0 3 1 0 924 0 64.3459 36241 099-aaadx 
51100 23808 367 64.8719 0.0027248 97 97 0 2 0 0 931 0 64.8719 36296 097-aaabc 
51200 23808 368 64.6957 0.00271739 97 97 0 3 1 0 932 0 64.6957 36367 097-aaabe 
51300 23808 367 64.8719 0.0027248 97 97 0 6 0 0 933 0 64.8719 36368 097-aaabf 
51400 23808 367 64.8719 0.0027248 97 97 0 3 0 0 934 0 64.8719 36496 097-aaabg 
51500 23808 364 65.4066 0.00274725 97 97 0 2 0 0 935 0 65.4066 36583 097-aaabj 
51600 23808 364 65.4066 0.00274725 97 97 0 2 0 0 936 0 65.4066 36655 097-aaabl 
51700 23808 366 65.0492 0.00273224 97 97 0 5 3 2 938 0 65.0492 36752 097-aaabq 
51800 24064 369 65.2141 0.00271003 98 98 0 3 0 0 942 0 65.2141 36836 098-aaadx 
51900 23808 364 65.4066 0.00274725 97 97.1818 0 5 0 0 940 0 65.4066 36832 097-aaabv 
52000 24064 370 65.0378 0.0027027 98 98 0 3 0 0 946 0 65.0378 36956 098-aaady 
52100 23808 364 65.4066 0.00274725 97 97 0 4 0 0 941 0 65.4066 36977 097-aaacb 
52200 47616 361 131.9 0.00277008 97 97 0 6 0 0 943 0 131.9 37042 097-aaace 
52300 47616 361 131.9 0.00277008 97 97 0 3 1 0 945 0 131.9 37144 097-aaacj 
52400 23808 361 65.9501 0.00277008 97 97 0 3 4 3 945 1 65.9501 37260 097-aaacq 
52500 47616 362 131.536 0.00276243 97 97 0 4 0 0 950 0 131.536 37284 097-aaacv 
52600 47715.6 360.194 132.471 0.00277628 97 97 0 3 0 0 948 0 133.319 37304 097-aaacx 
52700 47104 364 129.407 0.00274725 97 97 0 3 5 2 958 1 129.407 37487 097-aaadf 
52800 48128 364.286 132.116 0.0027451 98 97.8163 0 6 0 0 950 0 132.22 37493 098-aaaed 
52900 47616 363 131.174 0.00275482 98 98 0 5 0 0 951 0 131.174 37576 098-aaaei 
53000 47616 361.333 131.779 0.00276753 97 97 0 4 0 0 953 0 131.9 37677 097-aaadk 
53100 47872 364.75 131.245 0.00274162 98 98 0 4 2 1 956 0 131.858 37768 098-aaaen 
53200 5952 361 16.4875 0.00277008 97 97 0 2 0 0 957 0 16.4875 37854 097-no_name 
53300 1504 364 4.13187 0.00274725 98 98 0 2 0 0 958 0 4.13187 37944 098-no_name 
53400 47616 364.333 130.694 0.00274474 98 98 0 4 0 0 958 0 130.813 38013 098-aaaev 
53500 47104 361 130.482 0.00277008 97 97.4 0 5 0 0 959 0 130.482 38050 097-aaadx 
53600 47104 361 130.482 0.00277008 97 97 0 2 2 1 960 0 130.482 38131 097-aaadz 
53700 46592 360 129.422 0.00277778 97 97 0 3 1 1 963 0 129.422 38208 097-aaaef 
53800 46080 358 128.715 0.0027933 97 97 0 3 0 0 962 0 128.715 38235 097-aaaeh 
53900 46080 359 128.357 0.00278552 97 97 0 4 0 0 966 0 128.357 38312 097-aaaem 
54000 46080 359 128.357 0.00278552 97 97 0 3 0 0 966 0 128.357 38312 097-aaaem 
54100 42666.7 358 119.181 0.0027933 97 97 0 4 0 0 974 0 130.145 38519 097-aaaev 
54200 46592 355 131.245 0.0028169 97 97 0 3 2 1 968 0 131.245 38549 097-aaaey 
54300 11648 355 32.8113 0.0028169 97 97 0 2 0 0 970 0 32.8113 38684 097-no_name 
54400 46592 362 128.707 0.00276243 98 98 0 3 1 1 971 0 128.707 38708 098-aaafl 
54500 46592 362 128.707 0.00276243 98 98 0 3 0 0 972 0 128.707 38801 098-aaafn 
54600 44160 366 120.656 0.00273224 99 99 0 3 0 0 975 0 128.699 38857 099-aaaeb 
54700 46592 361 129.064 0.00277008 98 98 0 3 0 0 978 0 129.064 38967 098-aaafv 
54800 48971.3 364.647 134.297 0.00274238 99 98.7647 0 4 0 0 982 0 134.663 39030 099-aaaee 
54900 48640 365 133.26 0.00273973 99 99 0 2 0 0 984 0 133.26 39164 099-no_name 
55000 49459.2 371.6 133.097 0.00269107 99 99 0 3 0 0 988 0 133.505 39200 099-aaaei 
55100 49450.7 372.583 132.723 0.00268397 99 99 0 5 0 0 989 0 133.147 39280 099-aaaek 
55200 48768 366.25 133.154 0.00273038 98 98.625 0 4 0 0 991 0 133.929 39366 098-aaage 
55300 48896 366.5 133.413 0.00272852 98 98 0 4 0 0 992 0 133.929 39423 098-aaagf 
55400 50176 371 135.245 0.00269542 100 100.8 0 3 0 0 989 0 135.245 39509 100-aaaph 
55500 50688 377 134.451 0.00265252 101 101 0 6 0 0 993 0 134.451 39574 101-aaayo 
55600 49664 369 134.591 0.00271003 100 100 0 3 5 3 990 1 134.591 39664 100-aaapk 
55700 50688 377 134.451 0.00265252 101 101 0 4 0 0 993 0 134.451 39574 101-aaayo 
55800 83534.8 388 215.296 0.00257732 103 103 0 2 0 0 997 0 266.557 39802 103-aaavh 
55900 72396.8 385 188.044 0.0025974 103 103 0 4 0 0 999 0 268.634 39880 103-aaavk 
56000 49664 370 134.227 0.0027027 102 102 0 3 0 0 1003 0 134.227 39960 102-aaapv 
56100 51712 386 133.969 0.00259067 103 103 0 4 0 0 1007 0 133.969 40040 103-aaavv 
56200 51712 387 133.623 0.00258398 103 103.2 0 3 0 0 1007 0 133.623 40099 103-aaavz 
56300 51712 386 133.969 0.00259067 103 103 0 2 0 0 1010 0 133.969 40173 103-aaawc 
56400 52224 392 133.224 0.00255102 104 104 0 2 0 0 1010 0 133.224 40241 104-aaabc 
56500 26112 391 66.7826 0.00255754 104 104 0 3 0 0 1014 0 66.7826 40347 104-aaabf 
56600 52224 392 133.224 0.00255102 104 104 0 5 0 0 1010 0 133.224 40241 104-aaabc 
56700 104448 393 265.771 0.00254453 105 104.556 0 2 0 0 1021 0 265.771 40473 105-aaaad 
56800 104448 393 265.771 0.00254453 105 104.875 0 2 0 0 1021 0 265.771 40473 105-aaaad 
56900 103424 392 263.837 0.00255102 105 105 0 2 1 0 1022 0 263.837 40541 105-aaaag 
57000 104448 391 267.13 0.00255754 104 104 0 3 0 0 1027 0 267.13 40683 104-aaabw 
57100 104448 393 265.771 0.00254453 105 105 0 3 0 0 1026 0 265.771 40684 105-aaaan 
57200 105472 399 264.341 0.00250627 105 104.556 0 4 0 0 1030 0 264.341 40812 105-aaaao 
57300 104448 389 268.504 0.00257069 105 105 0 2 0 0 1029 0 268.504 40901 105-aaaar 
57400 106496 399 266.907 0.00250627 106 106 0 3 1 0 1032 0 266.907 40966 106-aaaah 
57500 104448 389 268.504 0.00257069 105 105 0 4 0 0 1031 0 268.504 40959 105-aaaaw 
57600 104448 389 268.504 0.00257069 105 105 0 3 0 0 1032 0 268.504 41101 105-aaaaz 
57700 104448 388 269.196 0.00257732 105 105 0 3 0 0 1035 0 269.196 41191 105-aaabd 
57800 104448 389 268.504 0.00257069 105 105.4 0 7 0 0 1034 0 268.504 41262 105-aaabg 
57900 103424 392 263.837 0.00255102 105 105 0 5 0 0 1042 0 263.837 41325 105-aaabl 
58000 103424 392 263.837 0.00255102 105 105 0 5 0 0 1042 0 263.837 41325 105-aaabl 
58100 103424 392 263.837 0.00255102 105 105 0 3 0 0 1042 0 263.837 41325 105-aaabl 
58200 101499 382.12 265.62 0.00261698 104 104 0 5 0 0 1041 0 267.363 41486 104-aaacm 
58300 103424 388 266.557 0.00257732 105 105 0 2 1 0 1046 0 266.557 41658 105-aaabq 
58400 102400 391 261.893 0.00255754 105 105 0 4 0 0 1045 0 261.893 41637 105-aaabt 
58500 102400 387 264.599 0.00258398 105 105 0 2 0 0 1051 0 264.599 41759 105-aaaby 
58600 102400 392 261.224 0.00255102 105 105 0 2 0 0 1049 0 261.224 41855 105-no_name 
58700 101376 391 259.274 0.00255754 104 104 0 2 0 0 1052 0 259.274 41963 104-aaacz 
58800 102400 390 262.564 0.0025641 104 104 0 4 0 0 1053 0 262.564 41980 104-aaada 
58900 102400 390 262.564 0.0025641 104 104 0 5 0 0 1053 0 262.564 41980 104-aaada 
59000 102400 390 262.564 0.0025641 104 104 0 4 0 0 1055 0 262.564 42140 104-aaadh 
59100 102400 390 262.564 0.0025641 104 104 0 5 0 0 1056 0 262.564 42236 104-aaadk 
59200 102400 390 262.564 0.0025641 104 104 0 6 0 0 1055 0 262.564 42237 104-aaadl 
59300 102400 390 262.564 0.0025641 104 104 0 3 1 0 1057 0 262.564 42404 104-aaads 
59400 101376 385 263.314 0.0025974 103 103 0 3 0 0 1060 0 263.314 42437 103-aaawj 
59500 100352 385 260.655 0.0025974 103 103.25 0 3 0 0 1060 0 260.655 42534 103-aaawm 
59600 100352 384 261.333 0.00260417 103 103 0 3 0 0 1061 0 261.333 42562 103-aaawn 
59700 101376 382 265.382 0.0026178 102 102 0 6 0 0 1065 0 265.382 42599 102-aaapx 
59800 103168 383.875 268.753 0.00260502 103 103.625 0 6 0 0 1065 0 269.333 42709 103-aaaws 
59900 103083 383.833 268.559 0.0026053 103 103.222 0 4 2 0 1065 0 269.333 42709 103-aaaws 
60000 101376 380 266.779 0.00263158 103 103.25 0 2 0 0 1070 0 266.779 42863 103-aaaww 
60100 102400 385.5 265.626 0.00259404 103 103.75 0 3 0 0 1073 0 267.938 42940 103-aaawx 
60200 102195 385.4 265.164 0.00259471 103 103 0 4 0 0 1074 0 267.938 42992 103-aaawz 
60300 102656 386.625 265.515 0.00258649 103 103 0 3 0 0 1077 0 267.245 43093 103-aaaxb 
60400 102839 390.714 263.205 0.00255942 104 103.429 0 3 0 0 1079 0 264.512 43151 104-aaaey 
60500 103863 390.714 265.826 0.00255942 104 103.714 0 2 0 0 1080 0 267.13 43205 104-no_name 
60600 58368 354 164.881 0.00282486 104 104 0 2 0 0 1080 0 164.881 43300 104-no_name 
60700 104448 399 261.774 0.00250627 104 104 0 2 0 0 1082 0 261.774 43360 104-no_name 
60800 103424 395 261.833 0.00253165 103 103.063 0 3 0 0 1083 0 261.833 43391 103-aaaxm 
60900 103424 395 261.833 0.00253165 103 103.025 0 4 0 0 1083 0 261.833 43391 103-aaaxm 
61000 102400 404 253.465 0.00247525 107 107 0 4 0 0 1087 0 253.465 43538 107-aaaai 
61100 101376 403 251.553 0.00248139 107 107 0 3 0 0 1090 0 251.553 43649 107-aaaal 
61200 101376 403 251.553 0.00248139 107 107 0 5 0 0 1090 0 251.553 43649 107-aaaal 
61300 101376 405 250.311 0.00246914 107 107 0 4 0 0 1092 0 250.311 43811 107-aaaav 
61400 103424 405 255.368 0.00246914 108 108 0 2 0 0 1096 0 255.368 43864 108-aaaad 
61500 102400 401 255.362 0.00249377 107 107.667 0 4 0 0 1096 0 255.362 43955 107-aaabb 
61600 101376 404 250.931 0.00247525 108 107.783 0 5 0 0 1096 0 250.931 43959 108-aaaaf 
61700 103983 401.545 258.955 0.00249038 108 108 0 3 0 0 1101 0 259.821 44054 108-aaaaj 
61800 103894 401.459 258.791 0.00249092 108 108 0 3 0 0 1101 0 259.821 44054 108-aaaaj 
61900 103796 398.364 260.556 0.00251027 108 108 0 4 0 0 1102 0 261.774 44184 108-aaaaq 
62000 102895 397.484 258.866 0.00251583 107 107.323 0 2 0 0 1102 0 259.859 44152 107-aaabh 
62100 103424 412 251.029 0.00242718 110 109.875 0 2 0 0 1106 0 251.029 44294 110-aaaac 
62200 100864 403.5 249.972 0.00247832 107 107.357 0 3 0 0 1106 0 250.931 44355 107-aaabi 
62300 100807 403.444 249.865 0.00247866 107 107 0 3 0 0 1107 0 250.931 44481 107-aaabl 
62400 102912 407.5 252.544 0.00245399 108 107.25 0 3 0 0 1109 0 253.49 44547 108-aaaay 
62500 104903 407.444 257.465 0.00245433 108 108 0 2 0 0 1110 0 258.51 44574 108-aaaba 
62600 104986 407.525 257.616 0.00245384 108 107.775 0 5 2 1 1109 0 258.51 44551 108-aaaaz 
62700 105008 407.547 257.658 0.00245371 108 107.859 0 3 2 1 1109 0 258.51 44551 108-aaaaz 
62800 105472 410 257.249 0.00243902 109 109 0 4 0 0 1113 0 257.249 44813 109-aaaar 
62900 104960 403.5 260.123 0.00247832 108 108 0 3 0 0 1115 0 261.069 44860 108-aaabg 
63000 104938 403.478 260.082 0.00247845 108 108 0 2 0 0 1115 0 261.069 44860 108-aaabg 
63100 104943 403.484 260.092 0.00247842 108 108 0 2 0 0 1115 0 261.069 44860 108-aaabg 
63200 106018 402.533 263.376 0.00248427 108 108 0 3 0 0 1118 0 264.258 45022 108-aaabn 
63300 104448 398 262.432 0.00251256 107 107 0 3 0 0 1122 0 262.432 45152 107-aaabq 
63400 106223 407.733 260.52 0.00245259 109 109 0 3 0 0 1122 0 261.02 45183 109-aaabe 
63500 105984 403.5 262.661 0.00247832 108 107.75 0 3 0 0 1124 0 263.604 45251 108-aaabq 
63600 106906 402.4 265.669 0.00248509 108 108 0 3 0 0 1126 0 266.799 45342 108-aaabt 
63700 105472 404 261.069 0.00247525 108 108 0 4 3 2 1127 0 261.069 45387 108-aaabv 
63800 103526 397.1 260.701 0.00251827 106 106 0 5 0 0 1126 0 262.432 45433 106-aaaaw 
63900 105472 404 261.069 0.00247525 108 108 0 2 0 0 1127 0 261.069 45387 108-aaabv 
64000 104448 397 263.088 0.00251891 106 106 0 3 0 0 1128 0 265.005 45613 106-aaabc 
64100 106496 404 263.604 0.00247525 108 107.333 0 3 0 0 1137 0 263.604 45701 108-aaabz 
64200 104541 400.091 261.289 0.00249945 106 106 0 2 0 0 1130 0 263.022 45723 106-no_name 
64300 101376 389 260.607 0.00257069 104 104 0 3 0 0 1134 0 260.607 45783 104-aaafl 
64400 100352 388 258.639 0.00257732 104 104 0 4 0 0 1136 0 258.639 45875 104-aaafp 
64500 102400 390 262.564 0.0025641 104 104 0 4 1 1 1137 0 262.564 45973 104-aaafu 
64600 102400 390 262.564 0.0025641 104 104 0 3 0 0 1136 0 262.564 45968 104-aaafw 
64700 103083 382.667 269.379 0.00261324 103 103 0 4 0 0 1141 0 270.037 46119 103-aaaxr 
64800 101990 394.6 258.464 0.00253422 104 104.6 0 2 0 0 1147 0 259.241 46186 104-no_name 
64900 103424 399 259.208 0.00250627 105 105 0 4 0 0 1148 0 259.208 46218 105-aaadf 
65000 104448 400 261.12 0.0025 105 105 0 3 4 2 1150 1 261.12 46343 105-aaadl 
65100 104155 399.714 260.574 0.00250179 105 105 0 4 0 0 1154 0 261.12 46410 105-aaadn 
65200 103808 401.375 258.63 0.00249144 105 105 0 3 0 0 1156 0 259.821 46472 105-aaadr 
65300 104448 401 260.469 0.00249377 105 105 0 3 0 0 1154 0 260.469 46469 105-aaads 
65400 104448 401 260.469 0.00249377 105 105 0 4 1 1 1154 0 260.469 46469 105-aaads 
65500 104448 402 259.821 0.00248756 105 105 0 3 1 1 1156 0 259.821 46679 105-aaaec 
65600 104448 404 258.535 0.00247525 105 105 0 5 2 1 1158 0 258.535 46734 105-aaaef 
65700 103424 395 261.833 0.00253165 104 104 0 3 0 0 1162 0 261.833 46818 104-aaagh 
65800 101717 387.333 262.608 0.00258176 102 103 0 2 0 0 1164 0 263.918 46857 102-no_name 
65900 104448 433.222 241.096 0.00230829 104 104 0 4 0 0 1166 0 241.219 46939 104-aaagk 
66000 104448 433.269 241.07 0.00230804 104 104 0 2 0 0 1166 0 241.219 46939 104-aaagk 
66100 104448 395 264.425 0.00253165 104 104 0 3 0 0 1171 0 264.425 47077 104-aaagn 
66200 102599 394.194 260.275 0.00253682 103 102.889 0 3 0 0 1168 0 261.833 47021 103-aaaxy 
66300 104448 433.133 241.145 0.00230876 104 104 0 4 0 0 1170 0 241.219 47191 104-aaagp 
66400 101469 399.091 254.25 0.0025057 103 103 0 5 0 0 1173 0 256 47299 103-aaayb 
66500 101617 399.235 254.528 0.00250479 103 103 0 5 0 0 1174 0 256 47335 103-aaayd 
66600 101632 399.25 254.556 0.0025047 103 103 0 2 0 0 1174 0 256 47439 103-aaayg 
66700 101376 398 254.714 0.00251256 103 103 0 6 0 0 1174 0 254.714 47447 103-aaayi 
66800 101376 398 254.714 0.00251256 103 103 0 3 1 1 1175 0 254.714 47564 103-aaaym 
66900 101376 395 256.648 0.00253165 103 103 0 2 0 0 1178 0 256.648 47649 103-aaayq 
67000 102400 399 256.642 0.00250627 104 103.538 0 3 3 0 1178 0 256.642 47710 104-aaagw 
67100 102400 399 256.642 0.00250627 104 103.667 0 3 0 0 1178 0 256.642 47710 104-aaagw 
67200 103424 399 259.208 0.00250627 105 105 0 5 0 0 1184 0 259.208 47846 105-aaafc 
67300 103424 400 258.56 0.0025 105 104.333 0 3 0 0 1182 0 258.56 47951 105-aaaff 
67400 102537 396.133 258.843 0.0025244 104 104 0 7 0 0 1182 0 260.514 47992 104-aaahd 
67500 101593 394.212 257.711 0.00253671 104 104 0 5 1 0 1182 0 259.241 47916 104-aaahb 
67600 101376 394 257.299 0.00253807 103 103 0 3 0 0 1187 0 257.299 48159 103-aaayv 
67700 101376 392 258.612 0.00255102 103 103 0 4 1 0 1187 0 258.612 48175 103-aaayx 
67800 102400 392 261.224 0.00255102 104 103.85 0 3 0 0 1188 0 261.224 48234 104-aaahm 
67900 104448 398 262.432 0.00251256 105 105 0 3 0 0 1193 0 262.432 48371 105-aaafi 
68000 104448 400 261.12 0.0025 106 105.692 0 4 0 0 1194 0 261.12 48427 106-aaabp 
68100 105472 400 263.68 0.0025 106 106 0 3 0 0 1197 0 263.68 48518 106-aaabs 
68200 103424 394 262.497 0.00253807 105 105.286 0 3 0 0 1196 0 262.497 48499 105-aaafm 
68300 103424 394 262.497 0.00253807 105 105 0 5 0 0 1197 0 262.497 48667 105-aaafr 
68400 104448 399 261.774 0.00250627 105 105 0 2 0 0 1201 0 261.774 48660 105-aaaft 
68500 104448 399 261.774 0.00250627 105 105 0 3 0 0 1204 0 261.774 48746 105-aaafu 
68600 52224 397 131.547 0.00251889 105 105 0 2 0 0 1208 0 131.547 48877 105-no_name 
68700 105472 406 259.783 0.00246305 106 106 0 3 0 0 1208 0 259.783 48925 106-aaabw 
68800 105472 402 262.368 0.00248756 105 105.667 0 3 0 0 1211 0 262.368 49026 105-aaagb 
68900 51712 401 128.958 0.00249377 105 105 0 2 0 0 1211 0 128.958 49101 105-no_name 
69000 105472 399 264.341 0.00250627 105 105 0 2 0 0 1214 0 264.341 49141 105-no_name 
69100 104448 395 264.425 0.00253165 104 104 0 2 0 0 1217 0 264.425 49215 104-aaaia 
69200 104448 395 264.425 0.00253165 104 104 0 2 1 0 1216 0 264.425 49183 104-aaahz 
69300 105472 402 262.368 0.00248756 105 105 0 6 0 0 1216 0 262.368 49344 105-aaags 
69400 105472 402 262.368 0.00248756 105 105 0 3 0 0 1218 0 262.368 49446 105-aaagw 
69500 105472 405 260.425 0.00246914 106 105.875 0 4 0 0 1221 0 260.425 49496 106-aaace 
69600 105472 405 260.425 0.00246914 106 105.956 0 5 0 0 1221 0 260.425 49496 106-aaace 
69700 105472 408 258.51 0.00245098 107 107 0 5 0 0 1224 0 258.51 49630 107-aaacc 
69800 105472 408 258.51 0.00245098 107 107 0 2 0 0 1225 0 258.51 49697 107-aaacd 
69900 102400 401 255.362 0.00249377 105 105 0 4 2 1 1228 0 255.362 49802 105-aaahf 
70000 102400 400 256 0.0025 105 105 0 3 0 0 1229 0 256 49815 105-aaahi 
70100 102400 400 256 0.0025 105 105 0 3 0 0 1231 0 256 49882 105-aaahj 
70200 100352 399 251.509 0.00250627 105 105 0 3 0 0 1233 0 251.509 49983 105-aaahq 
70300 100352 396 253.414 0.00252525 104 104 0 4 0 0 1238 0 253.414 50053 104-aaaig 
70400 101376 395 256.648 0.00253165 104 104 0 4 1 0 1238 0 256.648 50138 104-aaaij 
70500 101376 394 257.299 0.00253807 104 104 0 3 0 0 1239 0 257.299 50176 104-aaaik 
70600 100352 393 255.349 0.00254453 103 103 0 3 0 0 1246 0 255.349 50297 103-aaazn 
70700 100352 392 256 0.00255102 103 103 0 3 0 0 1244 0 256 50369 103-aaazr 
70800 99328 387 256.661 0.00258398 102 102.133 0 3 0 0 1245 0 256.661 50395 102-aaaql 
70900 99328 390 254.687 0.0025641 103 102.765 0 4 0 0 1246 0 254.687 50482 103-aaazu 
71000 97280 379 256.675 0.00263852 100 100.35 0 3 1 1 1248 0 256.675 50556 100-aaapp 
71100 100059 388.714 257.41 0.00257259 101 101 0 3 0 0 1252 0 257.974 50621 101-aaayx 
71200 48640 375 129.707 0.00266667 99 100 0 2 0 0 1254 0 129.707 50726 099-no_name 
71300 100352 390 257.313 0.0025641 102 101.957 0 3 0 0 1254 0 257.313 50746 102-aaaqn 
71400 97280 383 253.995 0.00261097 100 100 0 2 0 0 1255 0 253.995 50837 100-aaapu 
71500 96768 381.5 253.65 0.00262124 100 100 0 2 0 0 1258 0 254.66 50964 100-aaaqb 
71600 97280 382 254.66 0.0026178 100 100 0 4 0 0 1260 0 254.66 51017 100-aaaqd 
71700 99328 391 254.036 0.00255754 102 101.7 0 7 0 0 1261 0 254.036 51093 102-aaaqt 
71800 98117.8 384.818 254.971 0.00259863 101 101 0 3 0 0 1262 0 255.335 51105 101-aaazn 
71900 100352 392 256 0.00255102 102 102 0 6 0 0 1263 0 256 51188 102-aaaqw 
72000 1568 392 4 0.00255102 102 102 0 2 0 0 1265 0 4 51288 102-no_name 
72100 100352 392 256 0.00255102 102 102 0 3 0 0 1266 0 256 51313 102-aaarb 
72200 100352 392 256 0.00255102 102 102 0 4 0 0 1266 0 256 51313 102-aaarb 
72300 100352 392 256 0.00255102 102 102 0 2 0 0 1272 0 256 51489 102-aaari 
72400 100352 385 260.655 0.0025974 101 101 0 5 0 0 1270 0 260.655 51486 101-aaazv 
72500 100352 385 260.655 0.0025974 101 101 0 4 0 0 1274 0 260.655 51599 101-aaazz 
72600 100352 385 260.655 0.0025974 101 101 0 3 0 0 1275 0 260.655 51687 101-aabae 
72700 99328 386 257.326 0.00259067 102 102 0 3 0 0 1278 0 257.326 51776 102-aaarl 
72800 99328 388 256 0.00257732 102 102 0 3 0 0 1283 0 256 51853 102-aaarm 
72900 98304 382 257.34 0.0026178 101 101 0 5 0 0 1281 0 257.34 51896 101-aabat 
73000 99328 383 259.342 0.00261097 101 101 0 4 3 2 1282 0 259.342 51959 101-aabav 
73100 96256 378 254.646 0.0026455 100 100 0 2 0 0 1284 0 254.646 52041 100-aaaqi 
73200 50176 389 128.987 0.00257069 102 102 0 3 0 0 1289 0 128.987 52125 102-aaarr 
73300 98304 382 257.34 0.0026178 101 101 0 3 0 0 1285 0 257.34 52086 101-aabay 
73400 98531.6 391.222 251.855 0.00255609 103 102.333 0 3 0 0 1292 0 253.388 52243 103-aabab 
73500 98515.9 391.207 251.825 0.00255619 103 102.621 0 3 1 0 1292 0 253.388 52243 103-aabab 
73600 98304 375 262.144 0.00266667 101 101 0 2 0 0 1294 0 262.144 52388 101-aabbh 
73700 102400 398 257.286 0.00251256 104 104 0 2 0 0 1297 0 257.286 52472 104-aaaix 
73800 99328 396 250.828 0.00252525 104 104 0 4 0 0 1300 0 250.828 52565 104-aaajf 
73900 102912 401.5 256.318 0.00249066 105 105 0 3 0 0 1302 0 257.274 52600 105-aaaih 
74000 100352 398 252.141 0.00251256 105 105 0 3 0 0 1303 0 252.141 52658 105-aaaij 
74100 99328 397 250.196 0.00251889 104 104.143 0 2 2 0 1302 0 250.196 52707 104-aaajg 
74200 50688 402 126.09 0.00248756 106 105 0 2 0 0 1308 0 126.09 52850 106-no_name 
74300 99328 397 250.196 0.00251889 104 104 0 4 0 0 1306 0 250.196 52899 104-aaajm 
74400 103424 400 258.56 0.0025 105 105 0 2 0 0 1310 0 258.56 52927 105-aaaiy 
74500 103424 400 258.56 0.0025 105 105 0 4 0 0 1314 0 258.56 53054 105-aaajc 
74600 103424 400 258.56 0.0025 105 105 0 2 0 0 1312 0 258.56 53085 105-aaaji 
74700 103424 400 258.56 0.0025 105 105 0 4 0 0 1317 0 258.56 53192 105-aaajm 
74800 102400 396 258.586 0.00252525 104 104.222 0 3 0 0 1317 0 258.586 53230 104-aaajq 
74900 101376 393 257.954 0.00254453 104 104.222 0 5 0 0 1318 0 257.954 53352 104-aaaju 
75000 100352 391 256.655 0.00255754 103 103 0 3 0 0 1322 0 256.655 53441 103-aabai 
75100 101376 396 256 0.00252525 104 104 0 2 0 0 1322 0 256 53483 104-aaaka 
75200 101376 398 254.714 0.00251256 104 104 0 7 0 0 1322 0 254.714 53462 104-aaajy 
75300 100352 395 254.056 0.00253165 103 103.471 0 3 0 0 1323 0 254.056 53600 103-aabak 
75400 100352 387 259.307 0.00258398 102 102 0 3 0 0 1329 0 259.307 53722 102-aaaru 
75500 102400 401 255.362 0.00249377 105 105 0 4 0 0 1329 0 255.362 53778 105-aaajt 
75600 102400 401 255.362 0.00249377 105 105 0 5 0 0 1329 0 255.362 53778 105-aaajt 
75700 98304 393 250.137 0.00254453 103 103 0 4 0 0 1335 0 250.137 53922 103-aabao 
75800 101376 396 256 0.00252525 105 104.957 0 4 0 0 1333 0 256 53926 105-aaajw 
75900 101376 399 254.075 0.00250627 106 105.778 0 4 0 0 1335 0 254.075 54040 106-aaact 
76000 102400 398 257.286 0.00251256 104 104 0 3 0 0 1336 0 257.286 54102 104-aaaks 
76100 102400 398 257.286 0.00251256 104 104 0 4 1 1 1338 0 257.286 54184 104-aaaku 
76200 87381.3 406.333 216.28 0.00248688 102 102 0 2 0 0 1339 0 230.265 54229 102-no_name 
76300 103424 403 256.635 0.00248139 105 105 0 3 0 0 1344 0 256.635 54348 105-aaakc 
76400 101376 399 254.075 0.00250627 104 104 0 4 0 0 1340 0 254.075 54328 104-aaakx 
76500 51200 396 129.293 0.00252525 104 105 0 2 0 0 1343 0 129.293 54504 104-no_name 
76600 99328 389 255.342 0.00257069 102 102 0 2 0 0 1345 0 255.342 54552 102-aaase 
76700 98304 387 254.016 0.00258398 102 102 0 3 0 0 1345 0 254.016 54561 102-aaasf 
76800 98304 387 254.016 0.00258398 102 102 0 2 1 1 1346 1 254.016 54727 102-aaask 
76900 100352 393 255.349 0.00254453 103 103 0 4 0 0 1352 0 255.349 54745 103-aabav 
77000 99328 387 256.661 0.00258398 103 103 0 2 0 0 1355 0 256.661 54857 103-aabay 
77100 96256 382 251.979 0.0026178 101 101 0 2 0 0 1359 0 251.979 54932 101-aabbp 
77200 99328 390 254.687 0.0025641 102 102 0 4 0 0 1357 0 254.687 55016 102-aaasv 
77300 99328 390 254.687 0.0025641 102 102 0 2 0 0 1359 0 254.687 55106 102-no_name 
77400 99328 390 254.687 0.0025641 102 102 0 2 0 0 1359 0 254.687 55169 102-aaatd 
77500 98304 389 252.71 0.00257069 102 102 0 2 0 0 1362 0 252.71 55136 102-aaatc 
77600 98304 389 252.71 0.00257069 102 102 0 3 0 0 1364 0 252.71 55294 102-aaatj 
77700 98304 389 252.71 0.00257069 102 102 0 4 0 0 1369 0 252.71 55393 102-aaatl 
77800 97280 375 259.413 0.00266667 99 98.25 0 3 0 0 1379 0 259.413 55477 099-aaaev 
77900 98304 389 252.71 0.00257069 102 102 0 5 0 0 1370 0 252.71 55528 102-aaatp 
78000 98304 389 252.71 0.00257069 102 102 0 3 1 0 1370 0 252.71 55528 102-aaatp 
78100 99328 390 254.687 0.0025641 102 102 0 4 0 0 1372 0 254.687 55656 102-aaats 
78200 99328 390 254.687 0.0025641 102 102 0 3 1 0 1372 0 254.687 55656 102-aaats 
78300 100352 392 256 0.00255102 102 102 0 5 0 0 1377 0 256 55783 102-aaaty 
78400 1568 394 3.9797 0.00253807 103 103 0 2 0 0 1377 0 3.9797 55930 103-no_name 
78500 100352 394 254.701 0.00253807 103 103 0 3 0 0 1380 0 254.701 55980 103-aabbi 
78600 100352 394 254.701 0.00253807 103 103 0 2 1 0 1380 0 254.701 55980 103-aabbi 
78700 100352 390 257.313 0.0025641 102 102 0 3 0 0 1387 0 257.313 56144 102-aaauk 
78800 99328 390 254.687 0.0025641 102 102 0 3 0 0 1390 0 254.687 56224 102-aaaup 
78900 100352 395 254.056 0.00253165 103 103 0 3 0 0 1393 0 254.056 56304 103-aabbo 
79000 98304 394 249.503 0.00253807 103 103 0 6 3 2 1395 0 249.503 56356 103-aabbq 
79100 98304 394 249.503 0.00253807 103 103 0 3 0 0 1396 0 249.503 56392 103-aabbt 
79200 101376 392 258.612 0.00255102 104 104 0 2 0 0 1401 0 258.612 56512 104-no_name 
79300 100352 388 258.639 0.00257732 103 103.667 0 4 6 4 1402 1 258.639 56563 103-aabcc 
79400 100352 395 254.056 0.00253165 105 105 0 5 0 0 1403 0 254.056 56594 105-aaakl 
79500 99328 388 256 0.00257732 104 104.211 0 2 0 0 1405 0 256 56653 104-aaalh 
79600 101376 393 257.954 0.00254453 104 104 0 3 0 0 1408 0 257.954 56755 104-aaaln 
79700 101376 396 256 0.00252525 104 104 0 4 0 0 1409 0 256 56850 104-aaalo 
79800 101376 393 257.954 0.00254453 104 104 0 4 1 0 1410 0 257.954 56864 104-aaalq 
79900 101376 393 257.954 0.00254453 104 104 0 3 0 0 1411 0 257.954 56977 104-aaalu 
80000 101376 393 257.954 0.00254453 104 104 0 3 0 0 1411 0 257.954 56995 104-aaalx 
80100 102400 398 257.286 0.00251256 105 105 0 2 0 0 1415 0 257.286 57122 105-aaakt 
80200 101376 399 254.075 0.00250627 104 104 0 3 0 0 1416 0 254.075 57169 104-aaamc 
80300 100352 398 252.141 0.00251256 104 104 0 3 0 0 1417 0 252.141 57204 104-aaame 
80400 100352 398 252.141 0.00251256 104 104 0 5 0 0 1418 0 252.141 57300 104-aaami 
80500 100352 398 252.141 0.00251256 104 104 0 7 0 0 1419 0 252.141 57405 104-aaamn 
80600 101376 390 259.938 0.0025641 104 104 0 9 0 0 1424 0 259.938 57460 104-aaamr 
80700 101376 390 259.938 0.0025641 104 104 0 3 0 0 1424 0 259.938 57460 104-aaamr 
80800 101376 398 254.714 0.00251256 105 105 0 2 0 0 1427 0 254.714 57632 105-aaald 
80900 99328 383 259.342 0.00261097 103 103.111 0 4 1 1 1429 0 259.342 57627 103-aabcn 
81000 49664 384 129.333 0.00260417 103 103 0 3 0 0 1432 0 129.333 57761 103-aabcp 
81100 97280 376 258.723 0.00265957 102 102 0 4 0 0 1433 0 258.723 57814 102-aaavb 
81200 97280 376 258.723 0.00265957 102 102 0 2 0 0 1436 0 258.723 57908 102-aaavd 
81300 101376 392 258.612 0.00255102 105 105 0 2 0 0 1440 0 258.612 58000 105-aaalp 
81400 101376 392 258.612 0.00255102 105 105 0 5 3 1 1441 0 258.612 58043 105-aaalr 
81500 101376 392 258.612 0.00255102 105 105 0 7 0 0 1441 0 258.612 58043 105-aaalr 
81600 101376 394 257.299 0.00253807 105 105 0 3 0 0 1443 0 257.299 58166 105-aaalw 
81700 101376 395 256.648 0.00253165 105 105 0 5 0 0 1446 0 256.648 58251 105-aaama 
81800 100352 394 254.701 0.00253807 104 104.2 0 3 0 0 1448 0 254.701 58331 104-aaanf 
81900 101376 395 256.648 0.00253165 105 105 0 5 0 0 1448 0 256.648 58339 105-aaamf 
82000 99328 391 254.036 0.00255754 103 103.5 0 3 0 0 1451 0 254.036 58471 103-aabcr 
82100 102400 395 259.241 0.00253165 104 104 0 3 0 0 1451 0 259.241 58504 104-aaanm 
82200 103424 404 256 0.00247525 106 105.545 0 3 0 0 1456 0 256 58581 106-aaadi 
82300 103424 404 256 0.00247525 106 105.808 0 2 0 0 1456 0 256 58581 106-aaadi 
82400 103424 404 256 0.00247525 106 106 0 2 0 0 1457 0 256 58753 106-no_name 
82500 102400 393 260.56 0.00254453 104 104.25 0 2 0 0 1456 0 260.56 58807 104-no_name 
82600 101376 397 255.355 0.00251889 105 105 0 3 0 0 1461 0 255.355 58880 105-aaamo 
82700 104448 401 260.469 0.00249377 106 106 0 4 0 0 1458 0 260.469 58939 106-aaadq 
82800 55296 359 154.028 0.00278552 104 104 0 5 0 0 1464 0 154.028 58968 104-aaanx 
82900 55296 359 154.028 0.00278552 104 104 0 5 0 0 1465 0 154.028 59034 104-aaanz 
83000 100352 394 254.701 0.00253807 104 104 0 5 0 0 1470 0 254.701 59142 104-aaaof 
83100 101376 394 257.299 0.00253807 104 104 0 3 1 1 1472 0 257.299 59235 104-aaaoi 
83200 99328 393 252.743 0.00254453 104 104 0 3 0 0 1473 0 252.743 59242 104-aaaom 
83300 99328 385 257.995 0.0025974 102 102 0 8 0 0 1476 0 257.995 59352 102-aaavj 
83400 99328 385 257.995 0.0025974 102 102 0 3 1 1 1476 0 257.995 59391 102-aaavm 
83500 98304 381 258.016 0.00262467 101 101.467 0 4 0 0 1477 0 258.016 59508 101-aabci 
83600 96256 377 255.321 0.00265252 100 100 0 3 0 0 1487 0 255.321 59618 100-aaaqm 
83700 48128 373 129.029 0.00268097 100 100 0 2 0 0 1482 0 129.029 59682 100-aaaqo 
83800 98304 382 257.34 0.0026178 101 101 0 3 0 0 1486 0 257.34 59759 101-aabcs 
83900 97280 380 256 0.00263158 101 101 0 4 0 0 1488 0 256 59843 101-aabcv 
84000 100352 489 205.219 0.00204499 103 102.667 0 2 0 0 1493 0 205.219 59823 103-aabcz 
84100 98304 385 255.335 0.0025974 102 101.931 0 3 0 0 1489 0 255.335 59879 102-aaavw 
84200 96256 374 257.369 0.0026738 100 100.8 0 3 0 0 1489 0 257.369 60009 100-aaaqq 
84300 96256 374 257.369 0.0026738 100 100.135 0 3 0 0 1489 0 257.369 60009 100-aaaqq 
84400 94208 377 249.889 0.00265252 100 100 0 3 0 0 1498 0 249.889 60121 100-aaaqu 
84500 95232 374 254.631 0.0026738 100 100 0 4 0 0 1490 0 254.631 60122 100-aaaqw 
84600 95232 378 251.937 0.0026455 100 100 0 3 0 0 1502 0 251.937 60254 100-aaarg 
84700 94208 374 251.893 0.0026738 99 99.1852 0 3 0 0 1503 0 251.893 60312 099-aaaey 
84800 94208 374 251.893 0.0026738 99 99.1 0 3 2 0 1503 0 251.893 60312 099-aaaey 
84900 97280 381 255.328 0.00262467 101 101 0 4 0 0 1504 0 255.328 60448 101-aabdj 
85000 96256 381 252.64 0.00262467 101 101.667 0 3 3 2 1507 1 252.64 60565 101-aabdm 
85100 96256 381 252.64 0.00262467 101 101 0 3 0 0 1509 0 252.64 60617 101-aabdp 
85200 97280 382 254.66 0.0026178 102 102 0 5 0 0 1511 0 254.66 60694 102-aaawf 
85300 96256 378 254.646 0.0026455 101 101 0 2 0 0 1513 0 254.646 60763 101-aabdu 
85400 96256 375 256.683 0.00266667 101 100.8 0 2 0 0 1517 0 256.683 60849 101-no_name 
85500 96256 375 256.683 0.00266667 101 101 0 5 0 0 1518 0 256.683 60904 101-aabea 
85600 96256 375 256.683 0.00266667 101 101 0 3 0 0 1520 0 256.683 60992 101-aabed 
85700 97280 377 258.037 0.00265252 101 101 0 4 0 0 1521 0 258.037 61091 101-aabej 
85800 95232 378 251.937 0.0026455 101 101 0 4 0 0 1527 0 251.937 61180 101-aabeo 
85900 96256 377 255.321 0.00265252 101 101 0 3 0 0 1525 0 255.321 61195 101-aabeq 
86000 95232 375 253.952 0.00266667 101 101 0 2 0 0 1526 0 253.952 61286 101-aabes 
86100 95061.3 374.833 253.609 0.00266786 101 101 0 3 0 0 1527 0 253.952 61389 101-aabfa 
86200 97280 380 256 0.00263158 101 101 0 4 2 1 1532 0 256 61424 101-aabfd 
86300 96256 376 256 0.00265957 100 100.091 0 2 0 0 1533 0 256 61511 100-aaarn 
86400 98304 385 255.335 0.0025974 102 102 0 3 1 0 1538 0 255.335 61603 102-aaawq 
86500 99328 382 260.021 0.0026178 102 102 0 2 0 0 1536 0 260.021 61557 102-aaawp 
86600 95232 375 253.952 0.00266667 100 100 0 4 1 0 1538 0 253.952 61676 100-aaarw 
86700 95232 375 253.952 0.00266667 100 100 0 2 2 1 1540 0 253.952 61791 100-aaasc 
86800 96256 377 255.321 0.00265252 100 100 0 2 0 0 1541 0 255.321 61853 100-no_name 
86900 96256 377 255.321 0.00265252 100 100 0 4 2 1 1541 0 255.321 61853 100-aaasl 
87000 94208 372 253.247 0.00268817 99 99 0 2 0 0 1550 0 253.247 62028 099-no_name 
87100 95872 373.625 256.598 0.00267648 99 99.125 0 3 0 0 1543 0 257.369 62067 099-aaaff 
87200 96256 377 255.321 0.00265252 100 100 0 3 1 1 1546 0 255.321 62118 100-aaasw 
87300 96170.7 376.917 255.151 0.00265311 100 100 0 3 1 1 1547 0 255.321 62180 100-aaate 
87400 95232 373 255.314 0.00268097 99 99.16 0 3 0 0 1548 0 255.314 62247 099-aaafg 
87500 94208 372 253.247 0.00268817 99 99 0 4 0 0 1550 0 253.247 62372 099-aaafi 
87600 94208 372 253.247 0.00268817 99 99 0 5 0 0 1550 0 253.247 62372 099-aaafi 
87700 96256 380 253.305 0.00263158 101 101 0 4 1 1 1555 0 253.305 62538 101-aabfq 
87800 95232 373 255.314 0.00268097 99 99 0 3 0 0 1554 0 255.314 62551 099-aaafm 
87900 96256 380 253.305 0.00263158 101 101 0 2 0 0 1556 0 253.305 62620 101-aabfr 
88000 96256 373 258.059 0.00268097 99 99 0 4 0 0 1555 0 258.059 62645 099-aaafo 
88100 96256 376 256 0.00265957 99 99 0 2 0 0 1557 0 256 62808 099-aaafs 
88200 95232 372 256 0.00268817 99 99 0 4 1 1 1559 0 256 62899 099-aaafy 
88300 95232 371 256.69 0.00269542 99 99 0 3 7 3 1560 1 256.69 62959 099-aaagb 
88400 92160 357 258.151 0.00280112 96 96 0 3 0 0 1561 0 258.151 62975 096-aaaaf 
88500 95232 366 260.197 0.00273224 99 99 0 3 0 0 1564 0 260.197 63113 099-aaagg 
88600 94208 366 257.399 0.00273224 99 99 0 6 0 0 1566 0 257.399 63157 099-aaagk 
88700 95232 366 260.197 0.00273224 99 99 0 4 0 0 1565 0 260.197 63140 099-aaagj 
88800 95232 365 260.91 0.00273973 99 99 0 5 0 0 1566 0 260.91 63251 099-aaagm 
88900 94208 361 260.964 0.00277008 99 99 0 4 0 0 1568 0 260.964 63386 099-aaagu 
89000 96256 370 260.151 0.0027027 100 100 0 3 0 0 1568 0 260.151 63453 100-aaatt 
89100 93184 367 253.907 0.0027248 99 99 0 2 0 0 1571 0 253.907 63541 099-no_name 
89200 92160 363 253.884 0.00275482 98 98.0588 0 5 2 2 1572 0 253.884 63572 098-aaagu 
89300 93388.8 361.2 258.551 0.00276855 99 99 0 3 0 0 1573 0 260.243 63677 099-aaahd 
89400 92842.7 358.667 258.854 0.00278811 98 98 0 4 0 0 1575 0 259.565 63761 098-aaahb 
89500 93184 359 259.565 0.00278552 99 99 0 3 0 0 1577 0 259.565 63827 099-aaahi 
89600 95874.2 360.627 265.853 0.00277295 99 99 0 6 1 1 1576 0 266.637 63805 099-aaahh 
89700 95719.6 360.476 265.535 0.00277411 99 99 0 4 0 0 1577 0 266.637 63929 099-aaaho 
89800 95744 357.5 267.814 0.00279721 99 99 0 5 0 0 1578 0 268.872 64044 099-aaahq 
89900 96256 361 266.637 0.00277008 99 99 0 2 0 0 1579 0 266.637 64113 099-no_name 
90000 96209.5 360.955 266.541 0.00277043 99 99 0 4 0 0 1579 0 266.637 64113 099-aaahu 
90100 92160 353 261.076 0.00283286 97 97.1429 0 5 0 0 1583 0 261.076 64275 097-aaagd 
90200 94890.7 357.667 265.303 0.0027959 98 98 0 3 0 0 1584 0 266.011 64360 098-aaaho 
90300 93184 356 261.753 0.00280899 97 97 0 2 0 0 1587 0 261.753 64427 097-aaage 
90400 94539.3 358.324 263.837 0.00279078 98 98 0 3 0 0 1586 0 265.27 64407 098-aaahr 
90500 90112 358 251.709 0.0027933 98 98 0 3 0 0 1592 0 251.709 64577 098-aaaib 
90600 90112 358 251.709 0.0027933 98 98 0 4 0 0 1592 0 251.709 64577 098-aaaib 
90700 93184 355 262.49 0.0028169 97 97 0 4 0 0 1594 0 262.49 64676 097-aaagn 
90800 93184 354 263.232 0.00282486 97 97 0 2 0 0 1597 0 263.232 64780 097-aaagr 
90900 93184 355 262.49 0.0028169 97 97 0 4 0 0 1595 0 262.49 64814 097-aaagu 
91000 93184 358 260.291 0.0027933 98 97.8571 0 2 0 0 1598 0 260.291 64932 098-aaaik 
91100 92160 355 259.606 0.0028169 97 97 0 4 0 0 1598 0 259.606 64975 097-aaahb 
91200 90112 344 261.953 0.00290698 94 94.2889 0 3 0 0 1601 0 261.953 65018 094-aaaaa 
91300 89088 348 256 0.00287356 96 96 0 4 1 1 1604 0 256 65145 096-aaaas 
91400 89088 348 256 0.00287356 96 96 0 3 0 0 1605 0 256 65221 096-aaaav 
91500 87040 347 250.836 0.00288184 96 96 0 4 0 0 1608 0 250.836 65332 096-aaaay 
91600 92160 348 264.828 0.00287356 95 95 0 3 0 0 1610 0 264.828 65427 095-aaaai 
91700 91136 354 257.446 0.00282486 97 96.9333 0 2 0 0 1608 0 257.446 65465 097-aaahf 
91800 91136 351 259.647 0.002849 97 97 0 2 0 0 1610 0 259.647 65605 097-no_name 
91900 2848 352 8.09091 0.00284091 97 97 0 2 0 0 1611 0 8.09091 65666 097-no_name 
92000 93184 358 260.291 0.0027933 97 97 0 3 0 0 1615 0 260.291 65720 097-aaahm 
92100 93184 358 260.291 0.0027933 97 97 0 3 0 0 1617 0 260.291 65817 097-aaahs 
92200 93184 358 260.291 0.0027933 97 97 0 5 1 1 1616 0 260.291 65782 097-aaahr 
92300 5952 363 16.3967 0.00275482 98 98 0 2 0 0 1621 0 16.3967 65957 098-no_name 
92400 94208 359 262.418 0.00278552 97 97 0 3 0 0 1624 0 262.418 66010 097-aaaib 
92500 46592 361 129.064 0.00277008 97 97 0 4 0 0 1622 0 129.064 66038 097-aaaic 
92600 94208 359 262.418 0.00278552 97 97 0 3 1 1 1624 0 262.418 66010 097-aaaib 
92700 90404.6 353.286 255.893 0.00283058 96 96 0 3 0 0 1626 0 259.606 66257 096-aaabl 
92800 89560.6 349.462 256.277 0.00286156 95 95.4615 0 6 1 1 1627 0 259.647 66321 095-aaaan 
92900 89497.6 352.4 253.962 0.0028377 96 95.3 0 3 0 0 1630 0 257.446 66385 096-aaabs 
93000 89702.4 348.6 257.32 0.00286862 95 95 0 4 0 0 1632 0 258.201 66499 095-aaaas 
93100 92416 360.25 256.532 0.00277585 97 97 0 4 0 0 1632 0 258.127 66498 097-aaaij 
93200 91136 359 253.861 0.00278552 97 97 0 2 0 0 1634 0 253.861 66668 097-no_name 
93300 93184 361 258.127 0.00277008 98 98 0 3 0 0 1636 0 258.127 66672 098-aaaiv 
93400 90112 347 259.689 0.00288184 95 95 0 2 0 0 1640 0 259.689 66794 095-aaaaw 
93500 92160 357 258.151 0.00280112 97 97 0 3 0 0 1637 0 258.151 66875 097-aaais 
93600 92160 357 258.151 0.00280112 97 97 0 4 0 0 1639 0 258.151 66931 097-aaaiw 
93700 91136 348 261.885 0.00287356 96 96 0 4 0 0 1643 0 261.885 67031 096-aaacc 
93800 92160 352 261.818 0.00284091 97 96.6667 0 2 0 0 1644 0 261.818 67081 097-aaaja 
93900 93882.2 363.682 258.142 0.00274966 99 99 0 4 0 0 1641 0 258.813 67134 099-aaaib 
94000 93781.3 358.583 261.531 0.00278876 98 98 0 6 0 0 1642 0 262.418 67235 098-aaajc 
94100 93742.5 358.545 261.451 0.00278905 98 98 0 6 0 0 1643 0 262.418 67285 098-aaajd 
94200 93749 358.552 261.464 0.002789 98 98 0 4 0 0 1643 0 262.418 67285 098-aaajd 
94300 94646.9 360.429 262.594 0.00277448 98 98 0 5 1 1 1644 0 263.801 67439 098-aaajj 
94400 93184 359 259.565 0.00278552 98 98 0 3 0 0 1646 0 259.565 67477 098-aaajk 
94500 94208 360 261.689 0.00277778 98 98 0 5 0 0 1648 0 261.689 67580 098-aaajo 
94600 93184 359 259.565 0.00278552 98 98 0 4 0 0 1647 0 259.565 67604 098-aaajp 
94700 92160 358 257.43 0.0027933 98 98 0 2 5 3 1652 1 257.43 67766 098-aaajw 
94800 99157.3 372.833 265.955 0.00268217 102 102 0 2 0 0 1661 0 266.295 67855 102-aaawv 
94900 95232 366 260.197 0.00273224 100 100 0 2 0 0 1659 0 260.197 67925 100-aaaup 
95000 95232 364 261.626 0.00274725 100 100 0 2 0 0 1661 0 261.626 68003 100-aaaus 
95100 98304 371 264.97 0.00269542 102 102 0 2 0 0 1665 0 264.97 68094 102-no_name 
95200 99979.6 373.636 267.582 0.00267641 102 102 0 4 0 0 1667 0 268.321 68158 102-aaaxf 
95300 98304 370 265.686 0.0027027 102 102 0 3 0 0 1666 0 265.686 68182 102-aaaxg 
95400 98304 371 264.97 0.00269542 102 102 0 4 0 0 1667 0 264.97 68318 102-aaaxl 
95500 98645.3 369.333 267.089 0.00270759 102 102 0 2 0 0 1669 0 268.454 68371 102-aaaxo 
95600 98791.6 370.476 266.66 0.00269923 102 102 0 3 1 1 1668 0 267.73 68349 102-aaaxr 
95700 99942.4 370.6 269.676 0.00269833 102 102 0 3 0 0 1671 0 270.491 68528 102-aaaya 
95800 100888 374.524 269.376 0.00267006 103 102.714 0 4 0 0 1672 0 270.336 68578 103-aabdg 
95900 98611.2 372.3 264.869 0.00268601 102 102 0 3 0 0 1673 0 266.295 68647 102-aaayg 
96000 99328 375 264.875 0.00266667 102 102 0 3 0 0 1676 0 264.875 68748 102-aaayk 
96100 100352 372 269.763 0.00268817 103 103 0 4 0 0 1676 0 269.763 68830 103-aabdo 
96200 100352 372 269.763 0.00268817 103 103 0 5 0 0 1676 0 269.763 68830 103-aabdo 
96300 98560 372.25 264.767 0.00268637 103 103 0 3 0 0 1679 0 266.295 68952 103-aabds 
96400 99328 367 270.649 0.0027248 102 102.667 0 3 0 0 1678 0 270.649 69026 102-aaayp 
96500 100352 372 269.763 0.00268817 103 103 0 2 0 0 1678 0 269.763 69067 103-aabdx 
96600 102400 375 273.067 0.00266667 104 104 0 3 0 0 1679 0 273.067 69117 104-aaaor 
96700 102400 374 273.797 0.0026738 104 104 0 3 0 0 1680 0 273.797 69200 104-aaaot 
96800 102400 372 275.269 0.00268817 105 104.818 0 2 2 0 1682 0 275.269 69280 105-aaamr 
96900 101376 372 272.516 0.00268817 103 103.13 0 3 0 0 1685 0 272.516 69284 103-aabee 
97000 100352 370 271.222 0.0027027 102 102 0 3 0 0 1688 0 271.222 69408 102-aaayr 
97100 96256 356 270.382 0.00280899 100 100 0 2 0 0 1691 0 270.382 69491 100-aaauw 
97200 99328 367 270.649 0.0027248 101 101 0 6 1 1 1692 0 270.649 69566 101-aabgi 
97300 99328 368 269.913 0.00271739 101 101 0 3 1 0 1694 0 269.913 69645 101-aabgk 
97400 97466.2 371.182 262.583 0.0026941 101 101 0 4 0 0 1697 0 264.258 69711 101-aabgp 
97500 97536 371.25 262.722 0.00269361 101 101 0 4 0 0 1698 0 264.258 69828 101-aabgr 
97600 96475.4 371.214 259.891 0.00269387 101 101 0 6 0 0 1699 0 261.505 69884 101-aabgu 
97700 97507.6 375.222 259.865 0.00266509 102 101.333 0 4 1 0 1700 0 261.447 69957 102-aaazc 
97800 98304 371 264.97 0.00269542 101 101 0 4 3 3 1703 1 264.97 70057 101-aabgz 
97900 94208 361 260.964 0.00277008 100 100 0 4 0 0 1706 0 260.964 70065 100-aaauz 
98000 95232 361 263.801 0.00277008 100 100.75 0 3 0 0 1710 0 263.801 70198 100-aaavh 
98100 94208 361 260.964 0.00277008 100 100.429 0 4 2 0 1708 0 260.964 70253 100-aaavj 
98200 98304 374 262.845 0.0026738 103 102.911 0 7 0 0 1713 0 262.845 70285 103-aabem 
98300 98304 374 262.845 0.0026738 103 103 0 3 0 0 1715 0 262.845 70406 103-aaben 
98400 97280 376 258.723 0.00265957 103 103 0 5 0 0 1717 0 258.723 70490 103-aabeo 
98500 96256 372 258.753 0.00268817 102 102.1 0 4 0 0 1715 0 258.753 70429 102-aaazg 
98600 97280 374 260.107 0.0026738 102 102 0 2 0 0 1718 0 260.107 70603 102-aaazk 
98700 97280 380 256 0.00263158 103 103 0 2 0 0 1720 0 256 70723 103-no_name 
98800 97280 380 256 0.00263158 103 103 0 3 0 0 1720 0 256 70723 103-aabep 
98900 96256 370 260.151 0.0027027 102 102 0 4 0 0 1724 0 260.151 70835 102-aaazw 
99000 93184 362 257.414 0.00276243 101 101 0 4 0 0 1726 0 257.414 70915 101-aabhh 
99100 95650.9 366.409 261.048 0.00272919 101 101 0 5 0 0 1728 0 262.278 70965 101-aabhi 
99200 11904 363 32.7934 0.00275482 100 101 0 2 0 0 1731 0 32.7934 71104 100-no_name 
99300 96665.6 374.4 258.187 0.00267094 102 102 0 3 0 0 1734 0 259.413 71152 102-aabaj 
99400 95573.3 375.333 254.635 0.0026643 102 102 0 2 0 0 1738 0 256 71239 102-no_name 
99500 94739 371.519 255.003 0.00269166 100 100 0 3 0 0 1736 0 256 71233 100-aaavn 
99600 94549.3 371.333 254.62 0.002693 100 100 0 3 0 0 1737 0 256 71392 100-aaavs 
99700 94720 371.5 254.965 0.00269179 100 100 0 4 0 0 1737 0 256 71392 100-aaavs 
99800 94793.1 371.571 255.113 0.00269128 100 100 0 3 2 0 1738 0 256 71508 100-aaavu 
99900 94773 371.552 255.072 0.00269142 100 100 0 2 2 1 1739 0 256 71563 100-aaavw 
100000 93184 369 252.531 0.00271003 99 99.2667 0 4 0 0 1743 0 252.531 71654 099-aaain 
