100 0
200 0
300 0
400 0
500 0
600 0
700 0
800 0
900 0
1000 0
1100 0
1200 0
1300 0
1400 0
1500 0
1600 0
1700 0
1800 0
1900 0
2000 0
2100 0
2200 0
2300 0
2400 0
2500 0
2600 0
2700 0
2800 0
2900 0
3000 0
3100 0
3200 0
3300 0
3400 0
3500 0
3600 0
3700 0
3800 0
3900 0
4000 0
4100 0
4200 0
4300 0
4400 0
4500 0
4600 0
4700 0
4800 0
4900 0
5000 0
5100 0
5200 0
5300 0
5400 0
5500 0
5600 0
5700 0
5800 0
5900 0
6000 0
6100 0
6200 0
6300 0
6400 0
6500 0
6600 0
6700 0
6800 0
6900 0
7000 0
7100 0
7200 0
7300 0
7400 0
7500 0
7600 0
7700 0
7800 0
7900 0
8000 0
8100 0
8200 0
8300 0
8400 0
8500 0
8600 0
8700 0
8800 0
8900 0
9000 0
9100 0
9200 0
9300 0
9400 0
9500 0
9600 0
9700 0
9800 0
9900 0
10000 0
10100 0
10200 0
10300 0
10400 0
10500 0
10600 0
10700 0
10800 0
10900 0
11000 0
11100 0
11200 0
11300 0
11400 0
11500 0
11600 0
11700 0
11800 0
11900 0
12000 0
12100 0
12200 0
12300 0
12400 0
12500 0
12600 0
12700 0
12800 0
12900 0
13000 0
13100 0
13200 0
13300 0
13400 0
13500 0
13600 0
13700 0
13800 0
13900 0
14000 0
14100 0
14200 0
14300 0
14400 0
14500 0
14600 0
14700 0
14800 0
14900 0
15000 0
15100 0
15200 0
15300 0
15400 0
15500 0
15600 0
15700 0
15800 0
15900 0
16000 0
16100 0
16200 0
16300 0
16400 0
16500 0
16600 0
16700 0
16800 0
16900 0
17000 0
17100 0
17200 0
17300 0
17400 0
17500 0
17600 0
17700 0
17800 0
17900 0
18000 0
18100 0
18200 0
18300 0
18400 0
18500 0
18600 0
18700 0
18800 0
18900 0
19000 0
19100 0
19200 0
19300 0
19400 0
19500 0
19600 0
19700 0
19800 0
19900 0
20000 0
20100 0
20200 0
20300 0
20400 0
20500 0
20600 0
20700 0
20800 0
20900 0
21000 0
21100 0
21200 0
21300 0
21400 0
21500 0
21600 0
21700 0
21800 0
21900 0
22000 0
22100 0
22200 0
22300 0
22400 0
22500 0
22600 0
22700 0
22800 0
22900 0
23000 0
23100 0
23200 0
23300 0
23400 0
23500 0
23600 0
23700 0
23800 0
23900 0
24000 0
24100 0
24200 0
24300 0
24400 0
24500 0
24600 0
24700 0
24800 0
24900 0
25000 0
25100 0
25200 0
25300 0
25400 0
25500 0
25600 0
25700 0
25800 0
25900 0
26000 0
26100 0
26200 0
26300 0
26400 0
26500 0
26600 0
26700 0
26800 0
26900 0
27000 0
27100 0
27200 0
27300 0
27400 0
27500 0
27600 0
27700 0
27800 0
27900 0
28000 0
28100 0
28200 0
28300 0
28400 0
28500 0
28600 0
28700 0
28800 0
28900 0
29000 0
29100 0
29200 0
29300 0
29400 0
29500 0
29600 0
29700 0
29800 0
29900 0
30000 1
30100 1
30200 1
30300 1
30400 1
30500 1
30600 1
30700 1
30800 1
30900 1
31000 1
31100 1
31200 1
31300 1
31400 1
31500 1
31600 1
31700 1
31800 1
31900 1
32000 1
32100 1
32200 1
32300 1
32400 1
32500 1
32600 1
32700 1
32800 1
32900 1
33000 1
33100 1
33200 1
33300 1
33400 1
33500 1
33600 1
33700 1
33800 1
33900 1
34000 1
34100 1
34200 1
34300 1
34400 1
34500 1
34600 1
34700 1
34800 1
34900 1
35000 1
35100 1
35200 1
35300 1
35400 1
35500 1
35600 1
35700 1
35800 1
35900 1
36000 1
36100 1
36200 1
36300 1
36400 1
36500 1
36600 1
36700 1
36800 1
36900 1
37000 1
37100 1
37200 1
37300 1
37400 1
37500 1
37600 1
37700 1
37800 1
37900 1
38000 1
38100 1
38200 1
38300 1
38400 1
38500 1
38600 1
38700 1
38800 1
38900 1
39000 1
39100 1
39200 1
39300 1
39400 1
39500 1
39600 1
39700 1
39800 1
39900 1
40000 1
40100 1
40200 1
40300 1
40400 1
40500 1
40600 1
40700 1
40800 1
40900 1
41000 1
41100 1
41200 1
41300 1
41400 1
41500 1
41600 1
41700 1
41800 1
41900 1
42000 1
42100 1
42200 1
42300 1
42400 1
42500 1
42600 1
42700 1
42800 1
42900 1
43000 1
43100 1
43200 1
43300 1
43400 1
43500 1
43600 1
43700 1
43800 1
43900 1
44000 1
44100 1
44200 1
44300 1
44400 1
44500 1
44600 1
44700 1
44800 1
44900 1
45000 1
45100 1
45200 1
45300 1
45400 1
45500 1
45600 1
45700 1
45800 1
45900 1
46000 1
46100 1
46200 1
46300 1
46400 1
46500 1
46600 1
46700 1
46800 1
46900 1
47000 1
47100 1
47200 1
47300 1
47400 1
47500 1
47600 1
47700 1
47800 1
47900 1
48000 1
48100 1
48200 1
48300 1
48400 1
48500 1
48600 1
48700 1
48800 1
48900 1
49000 1
49100 1
49200 1
49300 1
49400 1
49500 1
49600 1
49700 1
49800 1
49900 1
50000 1
50100 1
50200 1
50300 1
50400 1
50500 1
50600 1
50700 1
50800 1
50900 1
51000 1
51100 1
51200 1
51300 1
51400 1
51500 1
51600 1
51700 1
51800 1
51900 1
52000 1
52100 1
52200 1
52300 1
52400 1
52500 1
52600 1
52700 1
52800 1
52900 1
53000 1
53100 1
53200 1
53300 1
53400 1
53500 1
53600 1
53700 1
53800 1
53900 1
54000 1
54100 1
54200 1
54300 1
54400 1
54500 1
54600 1
54700 1
54800 1
54900 1
55000 1
55100 1
55200 1
55300 1
55400 1
55500 1
55600 1
55700 1
55800 1
55900 1
56000 1
56100 1
56200 1
56300 1
56400 1
56500 1
56600 1
56700 1
56800 1
56900 1
57000 1
57100 1
57200 1
57300 1
57400 1
57500 1
57600 1
57700 1
57800 1
57900 1
58000 1
58100 1
58200 1
58300 1
58400 1
58500 1
58600 1
58700 1
58800 1
58900 1
59000 1
59100 1
59200 1
59300 1
59400 1
59500 1
59600 1
59700 1
59800 1
59900 1
60000 1
60100 1
60200 1
60300 1
60400 1
60500 1
60600 1
60700 1
60800 1
60900 1
61000 1
61100 1
61200 1
61300 1
61400 1
61500 1
61600 1
61700 1
61800 1
61900 1
62000 1
62100 1
62200 1
62300 1
62400 1
62500 1
62600 1
62700 1
62800 1
62900 1
63000 1
63100 1
63200 1
63300 1
63400 1
63500 1
63600 1
63700 1
63800 1
63900 1
64000 1
64100 1
64200 1
64300 1
64400 1
64500 1
64600 1
64700 1
64800 1
64900 1
65000 1
65100 1
65200 1
65300 1
65400 1
65500 1
65600 1
65700 1
65800 1
65900 1
66000 1
66100 1
66200 1
66300 1
66400 1
66500 1
66600 1
66700 1
66800 1
66900 1
67000 1
67100 1
67200 1
67300 1
67400 1
67500 1
67600 1
67700 1
67800 1
67900 1
68000 1
68100 1
68200 1
68300 1
68400 1
68500 1
68600 1
68700 1
68800 1
68900 1
69000 1
69100 1
69200 1
69300 1
69400 1
69500 1
69600 1
69700 1
69800 1
69900 1
70000 1
70100 1
70200 1
70300 1
70400 1
70500 1
70600 1
70700 1
70800 1
70900 1
71000 1
71100 1
71200 1
71300 1
71400 1
71500 1
71600 1
71700 1
71800 1
71900 1
72000 1
72100 1
72200 1
72300 1
72400 1
72500 1
72600 1
72700 1
72800 1
72900 1
73000 1
73100 1
73200 1
73300 1
73400 1
73500 1
73600 1
73700 1
73800 1
73900 1
74000 1
74100 1
74200 1
74300 1
74400 1
74500 1
74600 1
74700 1
74800 1
74900 1
75000 1
75100 1
75200 1
75300 1
75400 1
75500 1
75600 1
75700 1
75800 1
75900 1
76000 1
76100 1
76200 1
76300 1
76400 1
76500 1
76600 1
76700 1
76800 1
76900 1
77000 1
77100 1
77200 1
77300 1
77400 1
77500 1
77600 1
77700 1
77800 1
77900 1
78000 1
78100 1
78200 1
78300 1
78400 1
78500 1
78600 1
78700 1
78800 1
78900 1
79000 1
79100 1
79200 1
79300 1
79400 1
79500 1
79600 1
79700 1
79800 1
79900 1
80000 1
80100 1
80200 1
80300 1
80400 1
80500 1
80600 1
80700 1
80800 1
80900 1
81000 1
81100 1
81200 1
81300 1
81400 1
81500 1
81600 1
81700 1
81800 1
81900 1
82000 1
82100 1
82200 1
82300 1
82400 1
82500 1
82600 1
82700 1
82800 1
82900 1
83000 1
83100 1
83200 1
83300 1
83400 1
83500 1
83600 1
83700 1
83800 1
83900 1
84000 1
84100 1
84200 1
84300 1
84400 1
84500 1
84600 1
84700 1
84800 1
84900 1
85000 1
85100 1
85200 1
85300 1
85400 1
85500 1
85600 1
85700 1
85800 1
85900 1
86000 1
86100 1
86200 1
86300 1
86400 1
86500 1
86600 1
86700 1
86800 1
86900 1
87000 1
87100 1
87200 1
87300 1
87400 1
87500 1
87600 1
87700 1
87800 1
87900 1
88000 1
88100 1
88200 1
88300 1
88400 1
88500 1
88600 1
88700 1
88800 1
88900 1
89000 1
89100 1
89200 1
89300 1
89400 1
89500 1
89600 1
89700 1
89800 1
89900 1
90000 1
90100 1
90200 2
90300 1
90400 1
90500 1
90600 1
90700 1
90800 2
90900 2
91000 2
91100 2
91200 2
91300 2
91400 2
91500 2
91600 2
91700 2
91800 2
91900 2
92000 2
92100 2
92200 2
92300 2
92400 2
92500 2
92600 2
92700 2
92800 2
92900 2
93000 2
93100 2
93200 2
93300 2
93400 2
93500 2
93600 2
93700 2
93800 2
93900 2
94000 2
94100 2
94200 2
94300 2
94400 2
94500 2
94600 2
94700 2
94800 2
94900 2
95000 2
95100 2
95200 2
95300 2
95400 2
95500 2
95600 2
95700 2
95800 2
95900 2
96000 2
96100 2
96200 2
96300 2
96400 2
96500 2
96600 2
96700 2
96800 2
96900 2
97000 2
97100 2
97200 2
97300 2
97400 2
97500 2
97600 2
97700 2
97800 2
97900 2
98000 2
98100 2
98200 2
98300 2
98400 2
98500 2
98600 2
98700 2
98800 2
98900 2
99000 2
99100 2
99200 2
99300 2
99400 2
99500 2
99600 2
99700 2
99800 2
99900 2
100000 2
