100 0
200 0
300 0
400 0
500 0
600 0
700 0
800 0
900 0
1000 0
1100 0
1200 0
1300 1
1400 1
1500 1
1600 1
1700 1
1800 1
1900 1
2000 1
2100 1
2200 2
2300 2
2400 2
2500 2
2600 1
2700 2
2800 2
2900 2
3000 2
3100 3
3200 3
3300 3
3400 3
3500 3
3600 3
3700 4
3800 4
3900 4
4000 4
4100 4
4200 4
4300 4
4400 4
4500 4
4600 5
4700 5
4800 5
4900 5
5000 5
5100 5
5200 5
5300 5
5400 5
5500 5
5600 5
5700 6
5800 6
5900 6
6000 6
6100 6
6200 6
6300 6
6400 6
6500 6
6600 6
6700 6
6800 6
6900 7
7000 6
7100 7
7200 7
7300 7
7400 7
7500 7
7600 7
7700 7
7800 6
7900 6
8000 7
8100 7
8200 7
8300 7
8400 7
8500 7
8600 7
8700 8
8800 8
8900 8
9000 8
9100 8
9200 8
9300 8
9400 8
9500 8
9600 8
9700 8
9800 8
9900 8
10000 8
10100 8
10200 8
10300 8
10400 8
10500 8
10600 8
10700 8
10800 8
10900 8
11000 8
11100 8
11200 8
11300 8
11400 8
11500 8
11600 8
11700 9
11800 9
11900 9
12000 10
12100 10
12200 10
12300 10
12400 10
12500 10
12600 10
12700 10
12800 10
12900 10
13000 10
13100 10
13200 10
13300 10
13400 11
13500 11
13600 11
13700 11
13800 11
13900 11
14000 10
14100 10
14200 10
14300 10
14400 11
14500 11
14600 11
14700 11
14800 11
14900 11
15000 11
15100 12
15200 12
15300 12
15400 11
15500 11
15600 12
15700 11
15800 12
15900 12
16000 12
16100 12
16200 12
16300 12
16400 12
16500 12
16600 13
16700 13
16800 13
16900 13
17000 13
17100 13
17200 13
17300 13
17400 13
17500 13
17600 13
17700 13
17800 13
17900 13
18000 13
18100 13
18200 13
18300 13
18400 13
18500 13
18600 13
18700 13
18800 14
18900 14
19000 14
19100 14
19200 14
19300 14
19400 14
19500 14
19600 15
19700 15
19800 15
19900 15
20000 15
20100 15
20200 15
20300 15
20400 16
20500 16
20600 16
20700 16
20800 16
20900 16
21000 16
21100 16
21200 16
21300 17
21400 17
21500 17
21600 17
21700 17
21800 18
21900 18
22000 18
22100 18
22200 18
22300 18
22400 19
22500 19
22600 19
22700 19
22800 19
22900 19
23000 19
23100 19
23200 19
23300 19
23400 19
23500 19
23600 19
23700 19
23800 19
23900 19
24000 19
24100 20
24200 20
24300 20
24400 20
24500 20
24600 20
24700 20
24800 20
24900 20
25000 20
25100 20
25200 20
25300 20
25400 21
25500 21
25600 21
25700 21
25800 21
25900 21
26000 21
26100 21
26200 22
26300 22
26400 21
26500 21
26600 21
26700 21
26800 22
26900 21
27000 21
27100 21
27200 21
27300 21
27400 21
27500 21
27600 22
27700 22
27800 22
27900 22
28000 21
28100 21
28200 21
28300 21
28400 21
28500 21
28600 22
28700 22
28800 22
28900 22
29000 23
29100 23
29200 23
29300 23
29400 23
29500 23
29600 23
29700 23
29800 23
29900 23
30000 23
30100 23
30200 23
30300 23
30400 23
30500 23
30600 24
30700 24
30800 24
30900 24
31000 24
31100 25
31200 25
31300 25
31400 26
31500 26
31600 26
31700 26
31800 26
31900 26
32000 26
32100 26
32200 26
32300 27
32400 27
32500 27
32600 27
32700 27
32800 27
32900 27
33000 27
33100 28
33200 28
33300 28
33400 28
33500 28
33600 28
33700 28
33800 28
33900 28
34000 29
34100 29
34200 30
34300 30
34400 30
34500 30
34600 30
34700 30
34800 30
34900 30
35000 30
35100 30
35200 30
35300 30
35400 30
35500 30
35600 30
35700 31
35800 31
35900 31
36000 31
36100 31
36200 31
36300 31
36400 31
36500 31
36600 31
36700 31
36800 32
36900 32
37000 32
37100 32
37200 32
37300 31
37400 32
37500 31
37600 31
37700 32
37800 32
37900 32
38000 32
38100 32
38200 32
38300 32
38400 32
38500 32
38600 32
38700 32
38800 32
38900 31
39000 32
39100 33
39200 33
39300 33
39400 33
39500 33
39600 32
39700 33
39800 33
39900 33
40000 33
40100 33
40200 33
40300 33
40400 34
40500 34
40600 34
40700 34
40800 33
40900 33
41000 32
41100 33
41200 34
41300 34
41400 34
41500 35
41600 35
41700 35
41800 35
41900 35
42000 36
42100 36
42200 36
42300 37
42400 37
42500 36
42600 37
42700 36
42800 37
42900 36
43000 36
43100 37
43200 36
43300 36
43400 36
43500 36
43600 36
43700 36
43800 37
43900 36
44000 36
44100 36
44200 36
44300 35
44400 35
44500 35
44600 35
44700 35
44800 34
44900 34
45000 34
45100 34
45200 34
45300 34
45400 34
45500 34
45600 34
45700 34
45800 35
45900 35
46000 35
46100 35
46200 35
46300 35
46400 35
46500 35
46600 35
46700 35
46800 35
46900 35
47000 35
47100 35
47200 36
47300 35
47400 35
47500 35
47600 35
47700 35
47800 36
47900 36
48000 36
48100 36
48200 36
48300 36
48400 36
48500 37
48600 37
48700 37
48800 37
48900 37
49000 37
49100 37
49200 38
49300 38
49400 38
49500 38
49600 38
49700 38
49800 39
49900 39
50000 39
50100 39
50200 39
50300 39
50400 39
50500 39
50600 40
50700 40
50800 40
50900 40
51000 40
51100 40
51200 40
51300 40
51400 41
51500 41
51600 41
51700 41
51800 41
51900 41
52000 41
52100 41
52200 41
52300 41
52400 41
52500 41
52600 41
52700 41
52800 42
52900 42
53000 42
53100 41
53200 41
53300 42
53400 41
53500 42
53600 42
53700 41
53800 41
53900 41
54000 42
54100 42
54200 42
54300 43
54400 43
54500 43
54600 43
54700 43
54800 43
54900 43
55000 44
55100 44
55200 44
55300 44
55400 45
55500 45
55600 45
55700 45
55800 46
55900 46
56000 46
56100 46
56200 46
56300 46
56400 46
56500 46
56600 46
56700 47
56800 47
56900 47
57000 47
57100 47
57200 47
57300 47
57400 47
57500 47
57600 47
57700 47
57800 47
57900 47
58000 47
58100 48
58200 48
58300 48
58400 48
58500 48
58600 48
58700 48
58800 48
58900 48
59000 48
59100 48
59200 48
59300 48
59400 48
59500 48
59600 48
59700 48
59800 49
59900 49
60000 49
60100 49
60200 49
60300 49
60400 49
60500 49
60600 49
60700 50
60800 50
60900 50
61000 50
61100 50
61200 50
61300 50
61400 50
61500 50
61600 50
61700 50
61800 50
61900 51
62000 51
62100 51
62200 51
62300 51
62400 51
62500 51
62600 52
62700 52
62800 52
62900 52
63000 52
63100 53
63200 53
63300 53
63400 53
63500 53
63600 53
63700 53
63800 53
63900 53
64000 54
64100 54
64200 54
64300 54
64400 54
64500 55
64600 55
64700 55
64800 55
64900 55
65000 55
65100 55
65200 55
65300 56
65400 56
65500 56
65600 56
65700 56
65800 56
65900 56
66000 56
66100 56
66200 56
66300 57
66400 57
66500 57
66600 57
66700 57
66800 57
66900 57
67000 58
67100 58
67200 57
67300 57
67400 57
67500 57
67600 57
67700 57
67800 58
67900 58
68000 58
68100 58
68200 58
68300 58
68400 58
68500 58
68600 58
68700 58
68800 58
68900 58
69000 58
69100 58
69200 58
69300 59
69400 59
69500 58
69600 58
69700 59
69800 59
69900 59
70000 59
70100 59
70200 59
70300 59
70400 60
70500 59
70600 60
70700 60
70800 60
70900 60
71000 60
71100 60
71200 60
71300 61
71400 61
71500 61
71600 61
71700 61
71800 61
71900 62
72000 62
72100 62
72200 62
72300 62
72400 62
72500 62
72600 62
72700 63
72800 62
72900 62
73000 63
73100 63
73200 63
73300 63
73400 63
73500 63
73600 63
73700 63
73800 63
73900 63
74000 64
74100 64
74200 64
74300 65
74400 64
74500 65
74600 65
74700 65
74800 65
74900 65
75000 66
75100 66
75200 66
75300 66
75400 66
75500 66
75600 66
75700 66
75800 67
75900 67
76000 67
76100 67
76200 67
76300 67
76400 67
76500 67
76600 67
76700 67
76800 67
76900 67
77000 67
77100 67
77200 67
77300 68
77400 67
77500 68
77600 68
77700 68
77800 68
77900 68
78000 68
78100 69
78200 68
78300 69
78400 68
78500 69
78600 69
78700 68
78800 68
78900 69
79000 69
79100 69
79200 68
79300 68
79400 68
79500 69
79600 68
79700 68
79800 69
79900 68
80000 68
80100 68
80200 68
80300 68
80400 68
80500 69
80600 69
80700 69
80800 69
80900 69
81000 69
81100 69
81200 70
81300 69
81400 70
81500 70
81600 70
81700 70
81800 70
81900 70
82000 70
82100 70
82200 70
82300 70
82400 70
82500 70
82600 70
82700 71
82800 71
82900 71
83000 72
83100 72
83200 72
83300 72
83400 72
83500 72
83600 72
83700 73
83800 73
83900 72
84000 73
84100 73
84200 73
84300 73
84400 73
84500 74
84600 74
84700 74
84800 74
84900 74
85000 74
85100 74
85200 75
85300 75
85400 75
85500 75
85600 75
85700 75
85800 76
85900 75
86000 75
86100 75
86200 75
86300 75
86400 75
86500 75
86600 75
86700 75
86800 76
86900 76
87000 76
87100 76
87200 77
87300 76
87400 76
87500 76
87600 76
87700 76
87800 76
87900 76
88000 76
88100 76
88200 76
88300 76
88400 76
88500 77
88600 77
88700 77
88800 76
88900 76
89000 76
89100 76
89200 77
89300 77
89400 78
89500 78
89600 78
89700 79
89800 79
89900 79
90000 80
90100 80
90200 79
90300 80
90400 80
90500 79
90600 79
90700 80
90800 80
90900 79
91000 78
91100 78
91200 78
91300 78
91400 78
91500 78
91600 79
91700 79
91800 79
91900 79
92000 79
92100 79
92200 79
92300 80
92400 79
92500 79
92600 79
92700 79
92800 79
92900 78
93000 78
93100 77
93200 78
93300 77
93400 77
93500 76
93600 77
93700 77
93800 76
93900 76
94000 76
94100 76
94200 76
94300 76
94400 77
94500 76
94600 76
94700 77
94800 77
94900 77
95000 77
95100 77
95200 77
95300 77
95400 77
95500 77
95600 77
95700 78
95800 78
95900 77
96000 78
96100 78
96200 77
96300 78
96400 78
96500 78
96600 78
96700 79
96800 79
96900 79
97000 80
97100 80
97200 80
97300 79
97400 80
97500 79
97600 79
97700 79
97800 79
97900 79
98000 79
98100 79
98200 80
98300 79
98400 79
98500 79
98600 79
98700 80
98800 80
98900 80
99000 80
99100 80
99200 80
99300 79
99400 79
99500 79
99600 80
99700 80
99800 80
99900 80
100000 80
