100 0
200 0
300 0
400 0
500 0
600 0
700 0
800 0
900 0
1000 0
1100 0
1200 0
1300 0
1400 0
1500 0
1600 0
1700 0
1800 0
1900 0
2000 0
2100 0
2200 0
2300 0
2400 0
2500 0
2600 0
2700 0
2800 0
2900 0
3000 0
3100 0
3200 0
3300 0
3400 0
3500 0
3600 0
3700 0
3800 0
3900 0
4000 0
4100 0
4200 0
4300 0
4400 0
4500 0
4600 0
4700 0
4800 0
4900 0
5000 0
5100 0
5200 0
5300 0
5400 0
5500 1
5600 1
5700 1
5800 1
5900 1
6000 1
6100 0
6200 0
6300 0
6400 0
6500 0
6600 0
6700 0
6800 0
6900 0
7000 0
7100 0
7200 0
7300 0
7400 0
7500 0
7600 0
7700 0
7800 0
7900 0
8000 0
8100 0
8200 0
8300 0
8400 0
8500 0
8600 0
8700 0
8800 0
8900 0
9000 0
9100 0
9200 1
9300 1
9400 0
9500 1
9600 1
9700 1
9800 1
9900 1
10000 1
10100 1
10200 1
10300 1
10400 1
10500 1
10600 1
10700 1
10800 1
10900 1
11000 1
11100 1
11200 1
11300 1
11400 1
11500 1
11600 1
11700 1
11800 1
11900 1
12000 1
12100 1
12200 1
12300 1
12400 1
12500 1
12600 1
12700 1
12800 1
12900 1
13000 1
13100 1
13200 1
13300 1
13400 1
13500 1
13600 1
13700 1
13800 1
13900 1
14000 1
14100 1
14200 1
14300 1
14400 1
14500 1
14600 1
14700 1
14800 1
14900 1
15000 1
15100 1
15200 1
15300 1
15400 1
15500 1
15600 1
15700 1
15800 1
15900 1
16000 1
16100 1
16200 1
16300 1
16400 1
16500 1
16600 1
16700 1
16800 1
16900 1
17000 1
17100 1
17200 1
17300 1
17400 1
17500 1
17600 1
17700 1
17800 1
17900 1
18000 1
18100 1
18200 1
18300 1
18400 1
18500 1
18600 1
18700 1
18800 1
18900 1
19000 1
19100 1
19200 1
19300 1
19400 1
19500 1
19600 1
19700 1
19800 1
19900 1
20000 1
20100 1
20200 1
20300 1
20400 1
20500 1
20600 1
20700 1
20800 1
20900 1
21000 1
21100 1
21200 1
21300 1
21400 1
21500 1
21600 1
21700 1
21800 1
21900 1
22000 1
22100 1
22200 1
22300 1
22400 2
22500 2
22600 2
22700 2
22800 2
22900 1
23000 1
23100 2
23200 2
23300 2
23400 2
23500 2
23600 2
23700 2
23800 2
23900 2
24000 2
24100 2
24200 2
24300 2
24400 2
24500 2
24600 2
24700 2
24800 2
24900 2
25000 2
25100 2
25200 2
25300 2
25400 2
25500 2
25600 2
25700 2
25800 2
25900 2
26000 2
26100 2
26200 2
26300 2
26400 2
26500 2
26600 2
26700 2
26800 2
26900 2
27000 2
27100 2
27200 2
27300 3
27400 3
27500 3
27600 3
27700 3
27800 3
27900 3
28000 3
28100 3
28200 3
28300 3
28400 3
28500 3
28600 3
28700 3
28800 3
28900 3
29000 3
29100 3
29200 3
29300 3
29400 3
29500 3
29600 3
29700 3
29800 3
29900 3
30000 3
30100 3
30200 3
30300 3
30400 3
30500 3
30600 3
30700 3
30800 3
30900 3
31000 3
31100 3
31200 3
31300 3
31400 4
31500 4
31600 4
31700 3
31800 3
31900 3
32000 3
32100 3
32200 3
32300 3
32400 3
32500 3
32600 3
32700 3
32800 3
32900 3
33000 3
33100 3
33200 3
33300 3
33400 3
33500 3
33600 3
33700 3
33800 3
33900 3
34000 3
34100 3
34200 3
34300 3
34400 3
34500 3
34600 3
34700 4
34800 4
34900 4
35000 4
35100 4
35200 4
35300 4
35400 4
35500 4
35600 4
35700 4
35800 4
35900 4
36000 4
36100 4
36200 4
36300 4
36400 4
36500 4
36600 4
36700 4
36800 4
36900 4
37000 4
37100 4
37200 4
37300 4
37400 4
37500 4
37600 4
37700 4
37800 4
37900 4
38000 4
38100 4
38200 4
38300 4
38400 4
38500 4
38600 4
38700 4
38800 4
38900 4
39000 5
39100 5
39200 5
39300 5
39400 5
39500 5
39600 5
39700 5
39800 5
39900 5
40000 5
40100 5
40200 5
40300 5
40400 5
40500 5
40600 5
40700 5
40800 5
40900 5
41000 5
41100 5
41200 5
41300 4
41400 4
41500 5
41600 5
41700 5
41800 5
41900 5
42000 4
42100 5
42200 5
42300 4
42400 4
42500 5
42600 4
42700 5
42800 5
42900 5
43000 5
43100 5
43200 5
43300 5
43400 5
43500 4
43600 4
43700 5
43800 4
43900 4
44000 4
44100 4
44200 4
44300 4
44400 4
44500 4
44600 4
44700 4
44800 4
44900 4
45000 4
45100 4
45200 4
45300 4
45400 4
45500 4
45600 4
45700 4
45800 5
45900 5
46000 5
46100 5
46200 5
46300 5
46400 5
46500 5
46600 5
46700 5
46800 5
46900 5
47000 5
47100 5
47200 5
47300 5
47400 5
47500 5
47600 5
47700 5
47800 5
47900 5
48000 5
48100 5
48200 5
48300 5
48400 5
48500 4
48600 5
48700 5
48800 5
48900 5
49000 5
49100 5
49200 5
49300 5
49400 5
49500 5
49600 5
49700 5
49800 5
49900 5
50000 5
50100 5
50200 5
50300 5
50400 5
50500 4
50600 4
50700 4
50800 4
50900 4
51000 4
51100 4
51200 4
51300 4
51400 4
51500 4
51600 4
51700 4
51800 4
51900 4
52000 4
52100 4
52200 4
52300 4
52400 4
52500 4
52600 4
52700 4
52800 4
52900 5
53000 5
53100 5
53200 5
53300 5
53400 5
53500 5
53600 5
53700 5
53800 5
53900 5
54000 5
54100 5
54200 5
54300 5
54400 5
54500 5
54600 5
54700 5
54800 5
54900 6
55000 5
55100 5
55200 5
55300 5
55400 5
55500 5
55600 5
55700 5
55800 5
55900 5
56000 5
56100 5
56200 5
56300 5
56400 5
56500 5
56600 5
56700 5
56800 5
56900 5
57000 5
57100 5
57200 5
57300 5
57400 5
57500 5
57600 5
57700 5
57800 5
57900 5
58000 5
58100 5
58200 5
58300 5
58400 5
58500 5
58600 5
58700 5
58800 5
58900 5
59000 5
59100 5
59200 5
59300 5
59400 5
59500 5
59600 5
59700 6
59800 5
59900 6
60000 6
60100 6
60200 6
60300 5
60400 5
60500 5
60600 5
60700 5
60800 5
60900 5
61000 6
61100 5
61200 5
61300 5
61400 5
61500 5
61600 6
61700 6
61800 6
61900 6
62000 6
62100 6
62200 5
62300 5
62400 5
62500 5
62600 5
62700 5
62800 5
62900 5
63000 5
63100 5
63200 5
63300 5
63400 5
63500 5
63600 5
63700 5
63800 5
63900 5
64000 5
64100 5
64200 5
64300 5
64400 5
64500 5
64600 5
64700 5
64800 5
64900 5
65000 5
65100 5
65200 5
65300 5
65400 5
65500 5
65600 5
65700 5
65800 5
65900 5
66000 5
66100 6
66200 6
66300 6
66400 6
66500 6
66600 6
66700 6
66800 6
66900 6
67000 6
67100 6
67200 6
67300 6
67400 6
67500 6
67600 6
67700 6
67800 6
67900 6
68000 6
68100 6
68200 6
68300 6
68400 6
68500 6
68600 6
68700 6
68800 6
68900 6
69000 6
69100 6
69200 6
69300 6
69400 6
69500 6
69600 6
69700 6
69800 6
69900 6
70000 6
70100 6
70200 6
70300 6
70400 6
70500 6
70600 6
70700 6
70800 6
70900 6
71000 6
71100 6
71200 6
71300 6
71400 6
71500 6
71600 6
71700 6
71800 6
71900 6
72000 6
72100 6
72200 6
72300 6
72400 6
72500 6
72600 6
72700 6
72800 6
72900 6
73000 6
73100 6
73200 6
73300 6
73400 6
73500 6
73600 6
73700 6
73800 6
73900 6
74000 6
74100 6
74200 6
74300 6
74400 6
74500 6
74600 6
74700 6
74800 6
74900 6
75000 6
75100 6
75200 6
75300 6
75400 6
75500 6
75600 6
75700 6
75800 6
75900 6
76000 6
76100 6
76200 6
76300 6
76400 6
76500 6
76600 6
76700 6
76800 6
76900 6
77000 6
77100 6
77200 6
77300 6
77400 6
77500 6
77600 6
77700 6
77800 6
77900 6
78000 6
78100 6
78200 6
78300 7
78400 7
78500 6
78600 7
78700 6
78800 6
78900 6
79000 6
79100 6
79200 6
79300 6
79400 6
79500 6
79600 6
79700 6
79800 6
79900 6
80000 6
80100 6
80200 6
80300 6
80400 6
80500 6
80600 6
80700 6
80800 6
80900 6
81000 6
81100 6
81200 6
81300 6
81400 6
81500 6
81600 6
81700 6
81800 6
81900 6
82000 6
82100 6
82200 6
82300 6
82400 6
82500 6
82600 6
82700 6
82800 6
82900 6
83000 6
83100 6
83200 6
83300 6
83400 6
83500 6
83600 6
83700 6
83800 6
83900 6
84000 6
84100 6
84200 6
84300 6
84400 6
84500 6
84600 6
84700 6
84800 6
84900 6
85000 6
85100 6
85200 6
85300 6
85400 6
85500 6
85600 6
85700 6
85800 6
85900 7
86000 6
86100 7
86200 7
86300 7
86400 7
86500 7
86600 7
86700 7
86800 7
86900 7
87000 7
87100 7
87200 7
87300 7
87400 7
87500 7
87600 7
87700 7
87800 7
87900 7
88000 7
88100 7
88200 7
88300 7
88400 7
88500 7
88600 7
88700 7
88800 7
88900 7
89000 7
89100 7
89200 7
89300 7
89400 7
89500 7
89600 7
89700 7
89800 7
89900 7
90000 7
90100 7
90200 7
90300 7
90400 7
90500 7
90600 7
90700 7
90800 7
90900 7
91000 7
91100 7
91200 7
91300 7
91400 7
91500 7
91600 7
91700 7
91800 7
91900 7
92000 7
92100 7
92200 7
92300 7
92400 7
92500 7
92600 7
92700 7
92800 7
92900 8
93000 8
93100 8
93200 7
93300 8
93400 7
93500 7
93600 7
93700 8
93800 8
93900 8
94000 8
94100 8
94200 8
94300 8
94400 8
94500 8
94600 8
94700 8
94800 8
94900 8
95000 8
95100 8
95200 8
95300 8
95400 8
95500 8
95600 8
95700 8
95800 8
95900 8
96000 8
96100 8
96200 8
96300 8
96400 8
96500 8
96600 8
96700 8
96800 8
96900 8
97000 8
97100 8
97200 8
97300 8
97400 8
97500 8
97600 8
97700 8
97800 8
97900 8
98000 8
98100 8
98200 8
98300 8
98400 8
98500 8
98600 8
98700 8
98800 8
98900 8
99000 8
99100 8
99200 8
99300 8
99400 8
99500 8
99600 8
99700 8
99800 8
99900 8
100000 8
