100 0
200 0
300 0
400 0
500 0
600 0
700 0
800 0
900 1
1000 1
1100 1
1200 1
1300 1
1400 1
1500 1
1600 1
1700 1
1800 1
1900 1
2000 1
2100 1
2200 1
2300 1
2400 2
2500 2
2600 2
2700 2
2800 2
2900 2
3000 2
3100 2
3200 2
3300 3
3400 3
3500 3
3600 3
3700 3
3800 3
3900 3
4000 3
4100 3
4200 3
4300 3
4400 3
4500 3
4600 3
4700 3
4800 4
4900 4
5000 4
5100 5
5200 5
5300 5
5400 5
5500 5
5600 4
5700 4
5800 4
5900 4
6000 4
6100 5
6200 5
6300 5
6400 5
6500 5
6600 5
6700 5
6800 5
6900 5
7000 5
7100 5
7200 5
7300 5
7400 6
7500 6
7600 6
7700 6
7800 6
7900 6
8000 6
8100 6
8200 6
8300 6
8400 6
8500 6
8600 6
8700 6
8800 6
8900 5
9000 5
9100 5
9200 5
9300 5
9400 5
9500 6
9600 6
9700 6
9800 6
9900 6
10000 7
10100 7
10200 7
10300 7
10400 7
10500 7
10600 7
10700 7
10800 7
10900 7
11000 7
11100 7
11200 7
11300 7
11400 7
11500 8
11600 8
11700 8
11800 8
11900 8
12000 8
12100 8
12200 8
12300 8
12400 8
12500 8
12600 8
12700 8
12800 9
12900 9
13000 9
13100 9
13200 9
13300 9
13400 8
13500 8
13600 8
13700 8
13800 8
13900 9
14000 9
14100 9
14200 9
14300 9
14400 9
14500 9
14600 9
14700 9
14800 9
14900 9
15000 9
15100 9
15200 9
15300 9
15400 10
15500 10
15600 10
15700 10
15800 10
15900 10
16000 10
16100 10
16200 9
16300 9
16400 9
16500 9
16600 10
16700 9
16800 10
16900 10
17000 10
17100 10
17200 10
17300 10
17400 10
17500 10
17600 10
17700 11
17800 11
17900 11
18000 11
18100 10
18200 11
18300 11
18400 11
18500 11
18600 11
18700 11
18800 12
18900 12
19000 12
19100 12
19200 12
19300 12
19400 12
19500 13
19600 13
19700 12
19800 12
19900 13
20000 13
20100 13
20200 14
20300 14
20400 14
20500 14
20600 14
20700 14
20800 14
20900 15
21000 15
21100 15
21200 15
21300 15
21400 16
21500 16
21600 16
21700 16
21800 16
21900 16
22000 16
22100 16
22200 16
22300 16
22400 16
22500 16
22600 16
22700 16
22800 17
22900 17
23000 17
23100 16
23200 17
23300 16
23400 16
23500 17
23600 17
23700 17
23800 17
23900 17
24000 17
24100 17
24200 17
24300 17
24400 17
24500 17
24600 18
24700 17
24800 17
24900 18
25000 18
25100 18
25200 18
25300 18
25400 18
25500 19
25600 19
25700 19
25800 19
25900 19
26000 19
26100 19
26200 20
26300 19
26400 20
26500 20
26600 20
26700 20
26800 21
26900 21
27000 21
27100 21
27200 21
27300 22
27400 22
27500 21
27600 21
27700 21
27800 22
27900 22
28000 22
28100 22
28200 22
28300 22
28400 22
28500 22
28600 23
28700 23
28800 23
28900 23
29000 23
29100 23
29200 23
29300 23
29400 23
29500 23
29600 23
29700 23
29800 23
29900 23
30000 23
30100 23
30200 23
30300 23
30400 23
30500 23
30600 23
30700 23
30800 23
30900 23
31000 23
31100 23
31200 23
31300 23
31400 23
31500 23
31600 24
31700 24
31800 24
31900 24
32000 24
32100 24
32200 24
32300 24
32400 24
32500 24
32600 24
32700 25
32800 25
32900 25
33000 25
33100 26
33200 26
33300 26
33400 26
33500 26
33600 26
33700 26
33800 26
33900 27
34000 27
34100 26
34200 26
34300 26
34400 26
34500 27
34600 27
34700 27
34800 27
34900 27
35000 27
35100 27
35200 27
35300 27
35400 27
35500 27
35600 27
35700 27
35800 27
35900 27
36000 27
36100 27
36200 27
36300 27
36400 27
36500 27
36600 27
36700 28
36800 28
36900 28
37000 28
37100 28
37200 28
37300 28
37400 28
37500 29
37600 29
37700 29
37800 29
37900 29
38000 29
38100 30
38200 30
38300 30
38400 30
38500 31
38600 30
38700 30
38800 30
38900 30
39000 30
39100 31
39200 30
39300 31
39400 31
39500 31
39600 31
39700 31
39800 31
39900 31
40000 31
40100 31
40200 31
40300 31
40400 31
40500 31
40600 31
40700 32
40800 32
40900 32
41000 32
41100 32
41200 32
41300 32
41400 32
41500 32
41600 32
41700 32
41800 32
41900 32
42000 32
42100 32
42200 32
42300 32
42400 32
42500 32
42600 33
42700 33
42800 33
42900 33
43000 33
43100 33
43200 33
43300 33
43400 33
43500 33
43600 33
43700 33
43800 33
43900 33
44000 33
44100 33
44200 33
44300 33
44400 34
44500 34
44600 34
44700 34
44800 34
44900 34
45000 34
45100 34
45200 35
45300 35
45400 35
45500 35
45600 35
45700 35
45800 35
45900 35
46000 35
46100 35
46200 36
46300 36
46400 36
46500 36
46600 36
46700 36
46800 36
46900 36
47000 36
47100 36
47200 36
47300 36
47400 37
47500 37
47600 37
47700 37
47800 37
47900 37
48000 37
48100 37
48200 38
48300 38
48400 38
48500 38
48600 37
48700 38
48800 37
48900 37
49000 37
49100 38
49200 38
49300 38
49400 38
49500 38
49600 38
49700 39
49800 39
49900 39
50000 40
50100 39
50200 39
50300 39
50400 39
50500 39
50600 39
50700 39
50800 39
50900 39
51000 39
51100 39
51200 39
51300 39
51400 39
51500 39
51600 39
51700 40
51800 39
51900 40
52000 39
52100 40
52200 40
52300 40
52400 40
52500 40
52600 41
52700 41
52800 41
52900 41
53000 42
53100 42
53200 42
53300 42
53400 42
53500 42
53600 42
53700 42
53800 42
53900 43
54000 43
54100 43
54200 42
54300 42
54400 42
54500 43
54600 42
54700 43
54800 42
54900 43
55000 43
55100 43
55200 43
55300 43
55400 43
55500 43
55600 43
55700 43
55800 43
55900 43
56000 44
56100 43
56200 44
56300 44
56400 44
56500 44
56600 44
56700 44
56800 44
56900 44
57000 44
57100 45
57200 45
57300 45
57400 46
57500 46
57600 46
57700 45
57800 46
57900 46
58000 46
58100 46
58200 46
58300 46
58400 46
58500 46
58600 46
58700 46
58800 46
58900 46
59000 46
59100 46
59200 47
59300 47
59400 47
59500 47
59600 48
59700 47
59800 48
59900 48
60000 48
60100 47
60200 47
60300 47
60400 47
60500 47
60600 47
60700 47
60800 47
60900 47
61000 48
61100 48
61200 48
61300 48
61400 48
61500 48
61600 48
61700 48
61800 48
61900 49
62000 49
62100 49
62200 49
62300 49
62400 49
62500 50
62600 50
62700 50
62800 50
62900 51
63000 51
63100 51
63200 51
63300 51
63400 51
63500 51
63600 51
63700 52
63800 52
63900 52
64000 52
64100 52
64200 52
64300 52
64400 52
64500 52
64600 52
64700 53
64800 53
64900 53
65000 53
65100 53
65200 53
65300 53
65400 53
65500 54
65600 53
65700 54
65800 54
65900 54
66000 54
66100 54
66200 54
66300 55
66400 55
66500 55
66600 55
66700 55
66800 55
66900 55
67000 55
67100 55
67200 55
67300 55
67400 56
67500 56
67600 56
67700 56
67800 56
67900 56
68000 56
68100 56
68200 56
68300 56
68400 56
68500 56
68600 56
68700 57
68800 57
68900 57
69000 57
69100 57
69200 57
69300 57
69400 57
69500 58
69600 58
69700 58
69800 58
69900 59
70000 59
70100 60
70200 60
70300 60
70400 60
70500 60
70600 60
70700 60
70800 60
70900 60
71000 60
71100 60
71200 60
71300 60
71400 60
71500 60
71600 60
71700 60
71800 60
71900 60
72000 60
72100 60
72200 60
72300 60
72400 60
72500 60
72600 60
72700 60
72800 60
72900 60
73000 61
73100 61
73200 61
73300 61
73400 61
73500 61
73600 61
73700 61
73800 61
73900 61
74000 61
74100 62
74200 61
74300 61
74400 61
74500 61
74600 61
74700 61
74800 61
74900 62
75000 62
75100 62
75200 63
75300 63
75400 62
75500 63
75600 64
75700 64
75800 64
75900 64
76000 64
76100 64
76200 64
76300 64
76400 65
76500 65
76600 65
76700 65
76800 66
76900 65
77000 66
77100 65
77200 65
77300 65
77400 65
77500 65
77600 65
77700 65
77800 65
77900 65
78000 65
78100 65
78200 65
78300 65
78400 64
78500 64
78600 64
78700 65
78800 65
78900 64
79000 65
79100 65
79200 65
79300 64
79400 65
79500 65
79600 65
79700 65
79800 66
79900 66
80000 66
80100 66
80200 66
80300 67
80400 67
80500 67
80600 67
80700 66
80800 67
80900 67
81000 68
81100 67
81200 68
81300 68
81400 68
81500 68
81600 67
81700 68
81800 67
81900 67
82000 67
82100 66
82200 66
82300 67
82400 67
82500 67
82600 67
82700 68
82800 69
82900 69
83000 69
83100 70
83200 70
83300 71
83400 70
83500 71
83600 71
83700 72
83800 71
83900 71
84000 71
84100 72
84200 71
84300 72
84400 72
84500 72
84600 73
84700 73
84800 73
84900 73
85000 73
85100 73
85200 74
85300 74
85400 74
85500 74
85600 74
85700 74
85800 74
85900 75
86000 75
86100 75
86200 75
86300 75
86400 76
86500 75
86600 76
86700 76
86800 76
86900 76
87000 76
87100 76
87200 76
87300 77
87400 77
87500 77
87600 78
87700 78
87800 78
87900 78
88000 78
88100 78
88200 79
88300 79
88400 79
88500 79
88600 79
88700 79
88800 79
88900 79
89000 79
89100 79
89200 79
89300 79
89400 79
89500 80
89600 80
89700 80
89800 80
89900 80
90000 80
90100 80
90200 80
90300 80
90400 81
90500 81
90600 81
90700 81
90800 81
90900 81
91000 81
91100 81
91200 81
91300 82
91400 82
91500 82
91600 82
91700 82
91800 82
91900 82
92000 83
92100 83
92200 83
92300 82
92400 82
92500 82
92600 83
92700 83
92800 83
92900 83
93000 83
93100 83
93200 83
93300 83
93400 83
93500 83
93600 83
93700 82
93800 82
93900 82
94000 82
94100 82
94200 82
94300 82
94400 82
94500 83
94600 83
94700 83
94800 83
94900 83
95000 83
95100 83
95200 84
95300 84
95400 84
95500 84
95600 85
95700 85
95800 85
95900 86
96000 86
96100 86
96200 86
96300 86
96400 86
96500 86
96600 86
96700 87
96800 87
96900 87
97000 86
97100 87
97200 87
97300 87
97400 87
97500 87
97600 87
97700 87
97800 88
97900 88
98000 88
98100 88
98200 89
98300 90
98400 90
98500 89
98600 90
98700 89
98800 89
98900 90
99000 90
99100 90
99200 90
99300 91
99400 90
99500 91
99600 90
99700 90
99800 90
99900 90
100000 90
