100 0
200 0
300 0
400 0
500 0
600 0
700 0
800 0
900 0
1000 0
1100 0
1200 0
1300 0
1400 0
1500 0
1600 0
1700 0
1800 0
1900 0
2000 0
2100 0
2200 0
2300 0
2400 0
2500 0
2600 0
2700 0
2800 0
2900 0
3000 0
3100 0
3200 0
3300 0
3400 0
3500 0
3600 0
3700 0
3800 0
3900 0
4000 0
4100 0
4200 0
4300 0
4400 0
4500 0
4600 0
4700 0
4800 0
4900 0
5000 0
5100 0
5200 1
5300 1
5400 1
5500 1
5600 1
5700 1
5800 1
5900 1
6000 1
6100 1
6200 1
6300 1
6400 1
6500 1
6600 1
6700 1
6800 1
6900 1
7000 1
7100 1
7200 1
7300 1
7400 1
7500 1
7600 1
7700 1
7800 1
7900 1
8000 1
8100 1
8200 1
8300 1
8400 1
8500 1
8600 1
8700 1
8800 1
8900 1
9000 1
9100 1
9200 1
9300 1
9400 2
9500 1
9600 2
9700 2
9800 1
9900 1
10000 1
10100 1
10200 1
10300 2
10400 2
10500 2
10600 1
10700 2
10800 2
10900 2
11000 2
11100 2
11200 1
11300 2
11400 2
11500 2
11600 2
11700 2
11800 2
11900 2
12000 2
12100 2
12200 2
12300 2
12400 2
12500 2
12600 2
12700 2
12800 2
12900 2
13000 2
13100 2
13200 2
13300 2
13400 2
13500 2
13600 2
13700 2
13800 2
13900 2
14000 2
14100 3
14200 2
14300 2
14400 3
14500 3
14600 3
14700 3
14800 3
14900 2
15000 2
15100 2
15200 2
15300 2
15400 2
15500 3
15600 3
15700 3
15800 3
15900 3
16000 3
16100 3
16200 3
16300 3
16400 3
16500 3
16600 3
16700 3
16800 3
16900 3
17000 3
17100 3
17200 3
17300 3
17400 3
17500 3
17600 3
17700 3
17800 3
17900 3
18000 3
18100 3
18200 4
18300 4
18400 4
18500 4
18600 4
18700 4
18800 4
18900 4
19000 4
19100 4
19200 4
19300 3
19400 3
19500 4
19600 3
19700 3
19800 3
19900 3
20000 3
20100 3
20200 3
20300 3
20400 3
20500 3
20600 3
20700 3
20800 3
20900 3
21000 3
21100 3
21200 3
21300 3
21400 3
21500 3
21600 3
21700 3
21800 3
21900 3
22000 3
22100 3
22200 3
22300 3
22400 3
22500 3
22600 3
22700 3
22800 3
22900 3
23000 3
23100 3
23200 3
23300 3
23400 3
23500 3
23600 3
23700 3
23800 3
23900 3
24000 3
24100 3
24200 3
24300 3
24400 3
24500 3
24600 3
24700 3
24800 3
24900 3
25000 3
25100 3
25200 3
25300 3
25400 3
25500 3
25600 3
25700 3
25800 3
25900 3
26000 3
26100 3
26200 3
26300 3
26400 3
26500 3
26600 3
26700 4
26800 4
26900 4
27000 4
27100 4
27200 4
27300 4
27400 4
27500 4
27600 4
27700 4
27800 4
27900 4
28000 4
28100 4
28200 3
28300 3
28400 4
28500 4
28600 4
28700 4
28800 4
28900 4
29000 4
29100 4
29200 4
29300 4
29400 4
29500 4
29600 4
29700 4
29800 4
29900 4
30000 4
30100 4
30200 4
30300 4
30400 4
30500 4
30600 4
30700 4
30800 4
30900 4
31000 4
31100 4
31200 4
31300 4
31400 4
31500 4
31600 4
31700 4
31800 4
31900 4
32000 4
32100 4
32200 4
32300 4
32400 4
32500 5
32600 5
32700 5
32800 5
32900 5
33000 5
33100 5
33200 4
33300 4
33400 4
33500 4
33600 4
33700 4
33800 4
33900 5
34000 5
34100 5
34200 5
34300 5
34400 5
34500 5
34600 5
34700 5
34800 5
34900 5
35000 5
35100 5
35200 5
35300 5
35400 5
35500 5
35600 5
35700 5
35800 5
35900 5
36000 5
36100 5
36200 5
36300 5
36400 5
36500 5
36600 5
36700 5
36800 5
36900 5
37000 5
37100 5
37200 5
37300 5
37400 5
37500 5
37600 5
37700 5
37800 5
37900 5
38000 5
38100 5
38200 5
38300 5
38400 5
38500 5
38600 5
38700 5
38800 5
38900 5
39000 5
39100 5
39200 5
39300 5
39400 5
39500 5
39600 5
39700 5
39800 5
39900 5
40000 5
40100 5
40200 5
40300 5
40400 5
40500 5
40600 5
40700 5
40800 5
40900 5
41000 6
41100 6
41200 6
41300 6
41400 6
41500 6
41600 6
41700 6
41800 6
41900 6
42000 6
42100 6
42200 6
42300 6
42400 6
42500 6
42600 6
42700 6
42800 6
42900 6
43000 6
43100 6
43200 6
43300 6
43400 6
43500 6
43600 5
43700 5
43800 6
43900 6
44000 6
44100 5
44200 5
44300 5
44400 5
44500 5
44600 5
44700 5
44800 5
44900 6
45000 6
45100 6
45200 5
45300 6
45400 6
45500 6
45600 5
45700 5
45800 5
45900 5
46000 5
46100 5
46200 6
46300 5
46400 6
46500 6
46600 6
46700 6
46800 6
46900 6
47000 6
47100 6
47200 6
47300 6
47400 6
47500 6
47600 6
47700 6
47800 6
47900 6
48000 6
48100 6
48200 6
48300 6
48400 6
48500 6
48600 6
48700 6
48800 6
48900 6
49000 6
49100 6
49200 6
49300 6
49400 6
49500 6
49600 6
49700 6
49800 6
49900 6
50000 6
50100 6
50200 6
50300 6
50400 6
50500 6
50600 6
50700 6
50800 6
50900 6
51000 6
51100 6
51200 6
51300 6
51400 6
51500 6
51600 6
51700 6
51800 6
51900 6
52000 6
52100 6
52200 6
52300 6
52400 6
52500 6
52600 6
52700 6
52800 6
52900 6
53000 6
53100 6
53200 6
53300 6
53400 6
53500 6
53600 6
53700 6
53800 6
53900 6
54000 6
54100 6
54200 6
54300 6
54400 6
54500 6
54600 6
54700 6
54800 6
54900 6
55000 6
55100 6
55200 6
55300 6
55400 6
55500 6
55600 6
55700 6
55800 6
55900 6
56000 6
56100 6
56200 6
56300 6
56400 6
56500 6
56600 6
56700 6
56800 6
56900 6
57000 7
57100 7
57200 7
57300 7
57400 7
57500 7
57600 7
57700 7
57800 7
57900 7
58000 7
58100 7
58200 7
58300 6
58400 6
58500 6
58600 6
58700 6
58800 6
58900 6
59000 6
59100 6
59200 6
59300 6
59400 6
59500 6
59600 6
59700 6
59800 6
59900 6
60000 6
60100 6
60200 6
60300 6
60400 6
60500 6
60600 6
60700 6
60800 6
60900 6
61000 6
61100 6
61200 6
61300 6
61400 6
61500 6
61600 6
61700 6
61800 6
61900 6
62000 6
62100 6
62200 6
62300 6
62400 6
62500 6
62600 6
62700 6
62800 6
62900 6
63000 6
63100 6
63200 6
63300 6
63400 6
63500 6
63600 6
63700 6
63800 6
63900 6
64000 6
64100 6
64200 6
64300 6
64400 6
64500 6
64600 6
64700 6
64800 6
64900 6
65000 6
65100 6
65200 6
65300 6
65400 6
65500 6
65600 6
65700 6
65800 6
65900 6
66000 6
66100 6
66200 6
66300 6
66400 6
66500 6
66600 6
66700 6
66800 6
66900 6
67000 6
67100 6
67200 6
67300 6
67400 6
67500 7
67600 6
67700 6
67800 6
67900 7
68000 6
68100 6
68200 6
68300 6
68400 6
68500 6
68600 6
68700 6
68800 6
68900 6
69000 7
69100 6
69200 6
69300 6
69400 6
69500 6
69600 6
69700 6
69800 6
69900 6
70000 6
70100 6
70200 6
70300 6
70400 6
70500 6
70600 6
70700 6
70800 6
70900 6
71000 6
71100 6
71200 6
71300 6
71400 6
71500 6
71600 6
71700 6
71800 6
71900 7
72000 7
72100 7
72200 7
72300 7
72400 7
72500 7
72600 7
72700 7
72800 7
72900 7
73000 7
73100 7
73200 7
73300 7
73400 7
73500 7
73600 7
73700 7
73800 7
73900 7
74000 7
74100 7
74200 7
74300 7
74400 7
74500 7
74600 7
74700 7
74800 7
74900 7
75000 7
75100 7
75200 7
75300 7
75400 7
75500 8
75600 7
75700 8
75800 8
75900 7
76000 7
76100 8
76200 8
76300 8
76400 8
76500 7
76600 7
76700 7
76800 7
76900 7
77000 7
77100 7
77200 7
77300 7
77400 7
77500 7
77600 7
77700 7
77800 7
77900 8
78000 8
78100 8
78200 8
78300 8
78400 8
78500 8
78600 8
78700 8
78800 8
78900 8
79000 8
79100 8
79200 8
79300 8
79400 8
79500 8
79600 8
79700 8
79800 8
79900 8
80000 8
80100 8
80200 8
80300 8
80400 8
80500 8
80600 8
80700 8
80800 8
80900 8
81000 8
81100 8
81200 8
81300 8
81400 8
81500 8
81600 8
81700 8
81800 8
81900 8
82000 8
82100 8
82200 9
82300 9
82400 9
82500 9
82600 9
82700 9
82800 9
82900 9
83000 9
83100 9
83200 9
83300 9
83400 9
83500 9
83600 9
83700 9
83800 9
83900 9
84000 9
84100 9
84200 9
84300 9
84400 9
84500 9
84600 9
84700 9
84800 9
84900 9
85000 9
85100 9
85200 9
85300 9
85400 9
85500 9
85600 9
85700 9
85800 9
85900 9
86000 9
86100 9
86200 10
86300 10
86400 10
86500 10
86600 10
86700 10
86800 10
86900 10
87000 10
87100 10
87200 10
87300 10
87400 10
87500 10
87600 10
87700 10
87800 10
87900 10
88000 10
88100 10
88200 10
88300 10
88400 10
88500 10
88600 10
88700 10
88800 10
88900 10
89000 10
89100 10
89200 10
89300 10
89400 10
89500 10
89600 10
89700 10
89800 10
89900 11
90000 11
90100 11
90200 11
90300 11
90400 11
90500 11
90600 11
90700 11
90800 11
90900 11
91000 11
91100 11
91200 11
91300 11
91400 11
91500 11
91600 11
91700 11
91800 11
91900 11
92000 11
92100 11
92200 11
92300 11
92400 11
92500 11
92600 11
92700 12
92800 12
92900 12
93000 12
93100 11
93200 12
93300 12
93400 12
93500 12
93600 12
93700 12
93800 11
93900 12
94000 12
94100 12
94200 12
94300 12
94400 12
94500 12
94600 12
94700 12
94800 12
94900 12
95000 12
95100 12
95200 12
95300 12
95400 12
95500 12
95600 12
95700 12
95800 12
95900 12
96000 12
96100 12
96200 12
96300 12
96400 12
96500 12
96600 12
96700 12
96800 12
96900 12
97000 12
97100 12
97200 12
97300 12
97400 12
97500 12
97600 12
97700 12
97800 12
97900 12
98000 12
98100 12
98200 12
98300 12
98400 12
98500 12
98600 12
98700 12
98800 12
98900 12
99000 12
99100 12
99200 12
99300 12
99400 12
99500 12
99600 12
99700 12
99800 12
99900 12
100000 12
