# Avida Average Data
# Thu Jan 31 20:38:21 2019
#  1: Update
#  2: Merit
#  3: Gestation Time
#  4: Fitness
#  5: Repro Rate?
#  6: (deprecated) Size
#  7: Copied Size
#  8: Executed Size
#  9: (deprecated) Abundance
# 10: Proportion of organisms that gave birth in this update
# 11: Proportion of Breed True Organisms
# 12: (deprecated) Genotype Depth
# 13: Generation
# 14: Neutral Metric
# 15: Lineage Label
# 16: True Replication Rate (based on births/update, time-averaged)

0 97 389 0 0 0 100 97 0 1 1 0 0 0 0 0 
100 97.0784 388.608 0.249812 0 0 100.039 97.0784 0 0 0 0 6.80392 3.58306 0 0 
200 94.3965 384.071 0.245222 0 0 99.596 94.4066 0 0.020202 0.010101 0 14.8359 2.73914 0 0 
300 94.2409 380.632 0.247985 0 0 100.083 94.5124 0 0.0277247 0.00956023 0 22.8203 3.27039 0 0 
400 98.1101 380.646 0.259787 0 0 101.209 95.1201 0 0.0430215 0.016008 0 31.2511 3.03589 0 0 
500 101.959 376.723 0.273568 0 0 101.232 94.6684 0 0.0590124 0.0232838 0 40.2686 3.04604 0 0.157754 
600 107.752 375.732 0.289832 0 0 101.716 95.1946 0 0.051662 0.0164197 0 50.2723 3.02209 0 0.162119 
700 117.136 376.136 0.314932 0 0 102.234 95.8376 0 0.05 0.0224 0 61.154 3.80853 0 0.168766 
800 152.315 374.945 0.408749 0 0 102.389 96.0917 0 0.0488782 0.0204327 0 74.2869 4.07553 0 0.181619 
900 233.646 382.084 0.604304 0 0 103.736 97.968 0 0.0420336 0.0136109 0 93.5496 2.35749 0 0.212102 
1000 874.199 392.899 2.1425 0 0 107.027 101.399 0 0.0536214 0.0132053 0 119.599 0.740124 0 0.304144 
1100 2209.86 406.536 5.20218 0 0 110.992 104.895 0 0.0352282 0.0120096 0 156.496 -2.13528 0 0.730645 
1200 3312.62 417.653 7.75214 0 0 113.992 107.793 0 0.0376301 0.0116093 0 201.846 -4.84984 0 1.49628 
1300 4100.95 421.523 9.54754 0 0 115.342 109.163 0 0.0436699 0.0164263 0 242.459 -6.33679 0 2.54954 
1400 4999.29 428.995 11.5336 0 0 117.244 111.408 0 0.0476 0.0204 0 273.723 -7.20305 0 3.82923 
1500 5158.47 435.043 11.8878 0 0 118.358 112.431 0 0.0397112 0.0136382 0 294.902 -8.25587 0 5.16452 
1600 5482.11 438.171 12.5878 0 0 118.812 112.945 0 0.0464186 0.0140056 0 312.279 -9.02032 0 6.2192 
1700 5552.79 431.364 12.9103 0 0 117.581 111.445 0 0.0480384 0.0160128 0 324.6 -9.2803 0 7.00042 
1800 5521.85 424.221 13.0943 0 0 116.044 109.896 0 0.0492197 0.017607 0 334.671 -8.92149 0 7.50244 
1900 5636.33 424.938 13.2674 0 0 116.188 109.802 0 0.0392 0.0132 0 344.285 -8.90564 0 7.78641 
2000 5707.83 422.952 13.575 0 0 115.907 109.561 0 0.0420505 0.0144173 0 354.433 -8.39223 0 8.00362 
2100 5770.29 422.297 13.6427 0 0 115.763 109.49 0 0.0488978 0.0152305 0 364.509 -9.02102 0 8.17851 
2200 6130.56 423.928 14.397 0 0 115.866 109.781 0 0.0404647 0.0160256 0 375.669 -10.8021 0 8.32783 
2300 6509.74 425.72 15.1601 0 0 116.004 109.848 0 0.0356571 0.0132212 0 389.003 -13.1761 0 8.55753 
2400 6895.75 436.131 15.6397 0 0 118.073 111.894 0 0.0488391 0.0176141 0 401.192 -14.2904 0 8.86819 
2500 7447.14 438.578 16.8212 0 0 119.205 113 0 0.0365022 0.0128359 0 414.055 -15.3829 0 9.19929 
2600 10930.3 438.681 25.8649 0 0 119.856 113.439 0 0.0369033 0.0152427 0 426.927 -16.3011 0 10.0803 
2700 17029 431.876 41.7609 0 0 118.272 111.873 0 0.0612735 0.0224269 0 443.266 -16.097 0 12.5319 
2800 25016.6 415.594 63.4651 0 0 114.749 108.018 0 0.0464371 0.0188151 0 465.017 -15.3914 0 17.3959 
2900 32512.8 402.188 83.8815 0 0 111.457 104.786 0 0.0497193 0.0176423 0 488.078 -12.7966 0 24.8131 
3000 37210.2 392.663 96.5455 0 0 109.719 102.727 0 0.0529058 0.0184369 0 511.174 -11.9409 0 34.6962 
3100 45103 387.459 117.471 0 0 108.396 101.234 0 0.0656263 0.0248099 0 531.52 -10.0272 0 46.0409 
3200 50858.7 384.903 132.94 0 0 107.827 100.306 0 0.0456548 0.0196235 0 550.378 -6.64334 0 58.1769 
3300 76793.6 385.529 199.59 0 0 107.823 100.047 0 0.0560448 0.0224179 0 568.165 -2.37446 0 71.8911 
3400 119720 387.051 309.457 0 0 108.34 99.9519 0 0.042485 0.0180361 0 586.42 0.369823 0 94.8413 
3500 146199 387.281 377.323 0 0 108.664 100.198 0 0.046493 0.0152305 0 603.836 0.489722 0 127.108 
3600 185635 390.103 475.614 0 0 109.081 100.745 0 0.0444355 0.0164131 0 623.022 -0.272516 0 169.289 
3700 226227 389.533 579.755 0 0 109.358 101.271 0 0.0517034 0.0204409 0 645.115 -1.30269 0 220.785 
3800 250568 393.347 639.229 0 0 109.68 101.921 0 0.0584936 0.025641 0 665.545 -0.966357 0 278.794 
3900 260360 394.306 662.395 0 0 109.719 102.003 0 0.041266 0.0180288 0 682.881 -1.13507 0 332.308 
4000 280841 395.731 710.895 0 0 110.148 102.223 0 0.0564678 0.0212255 0 699.579 -1.97471 0 377.499 
4100 293007 395.356 745.458 0 0 110.474 102.618 0 0.0420505 0.0172207 0 714.951 -1.90784 0 416.241 
4200 314244 397.895 795.811 0 0 110.43 102.519 0 0.042485 0.0140281 0 727.939 -0.339416 0 447.614 
4300 340068 395.887 860.923 0 0 110.588 102.701 0 0.0632759 0.0244293 0 742.032 2.5415 0 477.284 
4400 374430 398.114 944.071 0 0 111.088 102.98 0 0.0528423 0.0176141 0 757.256 5.51835 0 506.802 
4500 392838 394.893 992.627 0 0 110.893 102.392 0 0.040849 0.0168202 0 771.98 8.01029 0 543.201 
4600 415947 397.859 1046.56 0 0 111.04 102.659 0 0.0512821 0.0168269 0 789.135 10.7732 0 581.285 
4700 443152 398.199 1111.12 0 0 111.18 102.6 0 0.0492 0.0212 0 806.42 12.4987 0 624.393 
4800 477190 399.406 1196.4 0 0 111.154 102.21 0 0.05004 0.0140112 0 826.065 14.3542 0 665.979 
4900 501605 400.437 1255.05 0 0 111.481 102.396 0 0.0460922 0.0192385 0 843.883 15.767 0 711.29 
5000 535860 400.869 1336.1 0 0 111.876 102.327 0 0.042485 0.0156313 0 863.43 17.0918 0 756.281 
5100 552484 403.252 1376.6 0 0 112.084 102.745 0 0.0433561 0.0184665 0 881.627 19.4907 0 802.557 
5200 610930 401.794 1529.81 0 0 112.35 103.089 0 0.0461292 0.0144404 0 897.331 21.4459 0 851.205 
5300 642070 400.461 1614.89 0 0 112.063 102.683 0 0.0481155 0.0200481 0 912.86 16.2458 0 905.019 
5400 677177 401.057 1709.49 0 0 112.207 102.778 0 0.0336269 0.0120096 0 928.555 13.0133 0 959.045 
5500 750448 402.109 1896.91 0 0 112.482 103.043 0 0.04165 0.0144173 0 946.707 9.55647 0 1023.01 
5600 803925 397.685 2045.89 0 0 112.078 102.246 0 0.0432346 0.0172138 0 962.408 8.19831 0 1092.69 
5700 851450 393.783 2194.54 0 0 111.071 100.942 0 0.0456548 0.021626 0 980.872 2.73859 0 1168.05 
5800 934398 392.116 2423.47 0 0 111.116 100.973 0 0.054509 0.0200401 0 1001.08 -3.64491 0 1253.99 
5900 928747 388.437 2423.05 0 0 110.198 100.101 0 0.0553994 0.0184665 0 1022.39 -9.46771 0 1346.88 
6000 1.04434e+006 383.961 2747.71 0 0 109.702 99.5697 0 0.0481734 0.0208752 0 1043.59 -13.8928 0 1444.59 
6100 1.09528e+006 382.304 2882.05 0 0 109.32 99.2208 0 0.0496994 0.0228457 0 1059.73 -16.2299 0 1547.88 
6200 1.10232e+006 380.935 2905.91 0 0 109.105 98.9008 0 0.0429719 0.015261 0 1075.87 -18.711 0 1648.06 
6300 1.10986e+006 379.943 2930.86 0 0 108.711 98.5313 0 0.0605453 0.02085 0 1091.89 -19.5706 0 1716.8 
6400 1.13868e+006 380.222 3008.8 0 0 108.43 98.2545 0 0.0488978 0.0248497 0 1105.9 -19.0662 0 1778.07 
6500 1.12708e+006 380.525 2976.72 0 0 108.337 98.0068 0 0.0620248 0.0228091 0 1118.41 -19.6397 0 1820.48 
6600 1.10324e+006 378.782 2929.24 0 0 108.283 98.1219 0 0.0457097 0.0176423 0 1130.04 -19.6501 0 1842.96 
6700 1.11406e+006 378.154 2959.38 0 0 107.86 97.5646 0 0.0513232 0.0148356 0 1141.97 -19.6059 0 1846.92 
6800 1.12377e+006 379.832 2989.18 0 0 108.248 98.3194 0 0.0440882 0.0160321 0 1153.74 -19.2033 0 1860.12 
6900 1.10679e+006 376.184 2977.65 0 0 108.058 98.1006 0 0.0505213 0.0204491 0 1166.26 -19.4393 0 1867.38 
7000 1.10534e+006 375.539 2979.88 0 0 107.822 97.5615 0 0.056513 0.0236473 0 1178.55 -18.482 0 1875.7 
7100 1.12027e+006 377.628 3029.5 0 0 108.298 98.1651 0 0.0556891 0.0240385 0 1191.58 -17.536 0 1886.74 
7200 1.12518e+006 376.979 3063.04 0 0 108.226 98.6591 0 0.0620994 0.0192308 0 1204.59 -19.5609 0 1899.45 
7300 1.15528e+006 378.419 3146 0 0 108.865 99.0898 0 0.056513 0.0204409 0 1217.37 -19.4168 0 1915.78 
7400 1.14532e+006 372.926 3131.06 0 0 108.136 98.4762 0 0.0513026 0.0192385 0 1228.71 -19.0035 0 1925.72 
7500 1.14212e+006 374.164 3134.72 0 0 107.971 98.22 0 0.0569138 0.0268537 0 1241.65 -20.4938 0 1925.79 
7600 1.14539e+006 367.273 3190.27 0 0 107.666 97.6346 0 0.0520833 0.0176282 0 1255.49 -20.7299 0 1932.22 
7700 1.14155e+006 366.063 3244.96 0 0 107.876 97.6651 0 0.0417671 0.0136546 0 1270.48 -22.2813 0 1946.36 
7800 1.14833e+006 367.525 3279.9 0 0 108.432 98.3443 0 0.0528423 0.0204163 0 1285.15 -22.58 0 1954.65 
7900 1.1346e+006 361.093 3288.77 0 0 108.12 97.7529 0 0.0492591 0.0172207 0 1299.48 -23.208 0 1971.71 
8000 1.12924e+006 359.76 3299.55 0 0 108.139 97.9988 0 0.0493778 0.0200723 0 1315.5 -22.8685 0 1989.11 
8100 1.12237e+006 358.528 3329.41 0 0 108.09 97.8904 0 0.0448179 0.0160064 0 1331.75 -23.5227 0 1996.8 
8200 1.16839e+006 353.941 3478.87 0 0 108.639 98.697 0 0.0525682 0.0192616 0 1347.95 -23.168 0 1999.36 
8300 1.15968e+006 350.51 3500.29 0 0 108.535 98.3555 0 0.0605939 0.0224719 0 1362.62 -22.4618 0 2020.01 
8400 1.14821e+006 346.584 3526.51 0 0 108.336 98.0076 0 0.0508407 0.0204163 0 1380.38 -23.6716 0 2024.76 
8500 1.15142e+006 353.964 3511.41 0 0 108.861 98.1951 0 0.0572917 0.0224359 0 1395.17 -24.7366 0 2041.28 
8600 1.13991e+006 345.72 3567.98 0 0 108.273 97.8794 0 0.0572917 0.0244391 0 1413.04 -25.9861 0 2052.53 
8700 1.15308e+006 343.531 3611.91 0 0 108.093 97.4428 0 0.0589651 0.026073 0 1428.88 -28.3647 0 2073.74 
8800 1.18923e+006 337.16 3828.49 0 0 107.997 97.365 0 0.0657051 0.0228365 0 1449.29 -30.5276 0 2085.99 
8900 1.17057e+006 330.192 3876.7 0 0 107.835 96.9462 0 0.0554217 0.0204819 0 1472.55 -33.6909 0 2117.64 
9000 1.14219e+006 324.271 3838.71 0 0 107.628 96.6879 0 0.0637019 0.0248397 0 1491.41 -34.2287 0 2133.14 
9100 1.15477e+006 314.288 3961.38 0 0 107.47 96.7725 0 0.0632759 0.0288346 0 1510.87 -35.1371 0 2167.21 
9200 1.29485e+006 314.341 4295.95 0 0 106.951 96.4323 0 0.0612981 0.0232372 0 1526.16 -33.0639 0 2218.13 
9300 1.49088e+006 325.83 4734.25 0 0 106.824 96.2803 0 0.0561347 0.0228549 0 1539.35 -29.1478 0 2298.86 
9400 1.91804e+006 333.581 5729.52 0 0 105.481 94.9387 0 0.0620745 0.0264317 0 1551.02 -18.1468 0 2465.5 
9500 2.3047e+006 349.597 6520.03 0 0 104.469 94.4178 0 0.0513232 0.0224539 0 1564.12 -9.94052 0 2783.68 
9600 2.72041e+006 350.042 7516.36 0 0 103.824 94.1731 0 0.0522088 0.02249 0 1579.33 -1.75942 0 3183.32 
9700 2.99216e+006 363.399 7967.17 0 0 103.056 93.5746 0 0.0441059 0.0184443 0 1591.42 6.93157 0 3674.18 
9800 3.15502e+006 372.76 8258.2 0 0 102.504 93.2502 0 0.046988 0.0200803 0 1604.2 12.4323 0 4182.96 
9900 3.49442e+006 382.048 8954.22 0 0 102.093 93.0281 0 0.0453633 0.0224809 0 1617.12 16.4745 0 4668.08 
10000 3.54584e+006 385.806 9059.31 0 0 101.805 92.6665 0 0.0493579 0.0208668 0 1630.07 18.8559 0 5088.66 
10100 3.65427e+006 394.268 9218.83 0 0 101.471 92.7838 0 0.0441235 0.0156438 0 1643.67 23.5206 0 5412.22 
10200 3.83752e+006 396.518 9636.83 0 0 101.253 92.7613 0 0.0441235 0.0156438 0 1656.5 25.0413 0 5667.16 
10300 3.78379e+006 397.382 9484.89 0 0 101.238 92.7154 0 0.052505 0.0204409 0 1669.2 26.4661 0 5874.21 
10400 3.82401e+006 398.387 9565.88 0 0 101.535 93.0378 0 0.0502008 0.0176707 0 1681.97 26.2076 0 6031.4 
10500 3.90317e+006 398.556 9749.09 0 0 101.53 92.9355 0 0.0484581 0.0184221 0 1693.85 27.0836 0 6103.8 
10600 3.98232e+006 400.757 9899.85 0 0 101.69 93.2519 0 0.051828 0.0237043 0 1705.42 27.8486 0 6197.33 
10700 3.8512e+006 399.909 9564.58 0 0 101.749 93.2426 0 0.0481928 0.0196787 0 1717.75 27.6346 0 6222.05 
10800 3.90024e+006 399.954 9710.98 0 0 101.761 93.1757 0 0.0380304 0.0108086 0 1729.58 28.4527 0 6251.37 
10900 3.89491e+006 397.677 9757.53 0 0 101.296 92.8361 0 0.052505 0.0220441 0 1741.62 29.4165 0 6264.45 
11000 3.99274e+006 397.514 10012.1 0 0 101.017 92.8337 0 0.0480769 0.0196314 0 1754.03 29.3027 0 6303.06 
11100 4.03697e+006 396.26 10161.5 0 0 100.759 92.2664 0 0.0520833 0.0224359 0 1766.18 29.1664 0 6343.88 
11200 3.91705e+006 396.978 9835.33 0 0 100.746 92.3763 0 0.0340955 0.0116326 0 1777.79 30.5159 0 6367.45 
11300 4.01183e+006 397.843 10082.1 0 0 100.736 92.82 0 0.0372895 0.0144346 0 1790.04 31.2311 0 6393.69 
11400 3.93603e+006 400.098 9873.5 0 0 100.806 92.5894 0 0.0609463 0.0264635 0 1801.91 31.1334 0 6402.42 
11500 4.01789e+006 397.862 10128.5 0 0 100.764 92.8644 0 0.0426388 0.0152856 0 1814.27 29.1728 0 6410.89 
11600 3.81147e+006 393.48 9659.45 0 0 100.566 92.5634 0 0.0577386 0.0252606 0 1826.67 27.1032 0 6381.18 
11700 3.86937e+006 394.783 9788.25 0 0 100.287 92.6238 0 0.0440705 0.0208333 0 1839.37 25.0618 0 6373.82 
11800 4.03181e+006 392.487 10250.2 0 0 100.563 92.7245 0 0.0581395 0.0220529 0 1851.66 24.9118 0 6385.59 
11900 4.04402e+006 392.737 10257.5 0 0 100.419 92.7961 0 0.0461477 0.0160514 0 1864.1 24.2538 0 6453.44 
12000 4.06965e+006 393.729 10321 0 0 100.154 92.8587 0 0.0694222 0.0276886 0 1876.21 21.8097 0 6465.76 
12100 3.93381e+006 389.735 10029.4 0 0 100.48 93.244 0 0.057074 0.0273312 0 1888.93 20.3056 0 6469.13 
12200 4.0226e+006 391.789 10315.6 0 0 100.704 93.4448 0 0.0445247 0.0184517 0 1901.57 20.7966 0 6501.82 
12300 4.05049e+006 393.008 10284.4 0 0 100.452 93.2292 0 0.0578081 0.0256925 0 1914.03 21.2189 0 6542.13 
12400 4.07351e+006 397.396 10333.2 0 0 100.31 93.0553 0 0.0604968 0.0260417 0 1925.64 20.3711 0 6526.78 
12500 4.04514e+006 391.459 10339.6 0 0 100.198 93.0372 0 0.0460553 0.0180216 0 1937.56 19.7116 0 6531.78 
12600 3.98787e+006 390.242 10234.4 0 0 99.881 93.1671 0 0.0396794 0.0160321 0 1949.74 17.475 0 6604.92 
12700 3.94606e+006 389.253 10136.5 0 0 99.3491 92.2977 0 0.0453998 0.0216955 0 1962.16 16.5938 0 6644.18 
12800 4.10056e+006 386.582 10567.9 0 0 99.5215 92.6254 0 0.0565584 0.0204573 0 1974.75 14.5516 0 6642.41 
12900 4.20771e+006 387.238 10877.3 0 0 99.6549 92.8132 0 0.0537074 0.0184369 0 1986.95 15.4152 0 6690.02 
13000 3.97695e+006 386.789 10308.7 0 0 99.4629 92.6629 0 0.0537074 0.0260521 0 1998.87 16.8687 0 6749.43 
13100 4.01962e+006 385.454 10469.8 0 0 99.1643 92.317 0 0.0452906 0.0216433 0 2011.78 15.5907 0 6735.48 
13200 4.14136e+006 385.038 10812.1 0 0 99.3073 92.3614 0 0.0508814 0.0160256 0 2023.95 14.7786 0 6770.32 
13300 4.00353e+006 383.527 10457.1 0 0 99.3523 92.5645 0 0.0396317 0.0164131 0 2036.49 15.8991 0 6815.09 
13400 3.93388e+006 385.141 10238 0 0 98.7425 91.9515 0 0.050861 0.0212255 0 2048.73 15.8331 0 6768.23 
13500 4.12477e+006 382.678 10796.1 0 0 98.8138 91.8238 0 0.0636764 0.0272327 0 2061.25 16.6741 0 6760.76 
13600 4.06337e+006 382.482 10646 0 0 98.8773 91.8564 0 0.0549539 0.0232651 0 2073.31 19.5067 0 6791.21 
13700 3.95697e+006 380.58 10441.2 0 0 98.4191 91.3826 0 0.0560897 0.0192308 0 2084.91 21.7845 0 6792.61 
13800 3.96205e+006 378.796 10472.4 0 0 98.3283 91.3319 0 0.0513026 0.0208417 0 2097.08 20.9573 0 6805.56 
13900 3.87803e+006 380.387 10286 0 0 98.5657 91.3588 0 0.0602652 0.0233025 0 2109.11 22.1098 0 6846.21 
14000 4.05059e+006 381.481 10697.4 0 0 98.5219 91.6229 0 0.0453269 0.019655 0 2121.39 21.6006 0 6843.54 
14100 4.16621e+006 380.966 11048.2 0 0 98.6481 91.5474 0 0.0445425 0.0180578 0 2135.11 22.7106 0 6891.82 
14200 4.02326e+006 379.599 10710.7 0 0 98.1764 91.1255 0 0.0432866 0.0172345 0 2147.44 23.046 0 6873.84 
14300 3.98965e+006 377.427 10647 0 0 98.1264 91.2483 0 0.0565584 0.026073 0 2159.96 22.3754 0 6828.84 
14400 4.19676e+006 378.518 11226.9 0 0 97.9246 90.8196 0 0.0501203 0.0220529 0 2173.2 22.3909 0 6840.72 
14500 8.4529e+006 375.57 23316.8 0 0 97.3788 90.3011 0 0.0350242 0.0197262 0 2195.41 19.952 0 7485.14 
14600 1.6158e+007 366.098 44902.9 0 0 96.0052 89.4175 0 0.0408654 0.0192308 0 2235 10.3287 0 10624.3 
14700 2.15142e+007 362.011 60069 0 0 94.7655 88.4036 0 0.0601202 0.0272545 0 2272.15 3.70808 0 15966.4 
14800 2.52421e+007 361.998 70037.7 0 0 93.8088 87.6084 0 0.0657315 0.0268537 0 2304.21 -2.26879 0 23507 
14900 2.81225e+007 360.008 78187.6 0 0 93.1074 86.9876 0 0.0609218 0.0220441 0 2331.36 -6.56374 0 31888.6 
15000 2.98816e+007 359.251 83092.7 0 0 92.9395 86.8497 0 0.0541082 0.0244489 0 2351.26 -9.59702 0 40689 
15100 2.98674e+007 358.013 83153.6 0 0 92.791 86.8507 0 0.0508407 0.0268215 0 2366.07 -9.61295 0 47136.5 
15200 8.91761e+007 362.453 232484 0 0 92.6313 86.7892 0 0.0574297 0.026506 0 2385.58 -13.5821 0 59248.8 
15300 2.12228e+008 370.365 543792 0 0 93.0297 87.431 0 0.0569823 0.0288925 0 2419.67 -20.3324 0 104640 
15400 3.14888e+008 375.828 809036 0 0 92.8629 87.0261 0 0.0545309 0.0236568 0 2456.87 -26.3043 0 184793 
15500 3.8197e+008 382.445 982286 0 0 93.0096 87.7649 0 0.051045 0.0233119 0 2493.22 -31.7608 0 293128 
15600 4.31033e+008 381.546 1.11104e+006 0 0 93.0117 87.5434 0 0.0562701 0.0233119 0 2520.71 -35.2207 0 425555 
15700 4.58237e+008 382.52 1.18003e+006 0 0 93.0108 87.4517 0 0.058517 0.0244489 0 2538.85 -35.1728 0 561215 
15800 4.66793e+008 384.802 1.20184e+006 0 0 92.9908 87.3161 0 0.0500801 0.0224359 0 2553.65 -36.7164 0 667317 
15900 4.44372e+008 383.795 1.1445e+006 0 0 93.112 87.8972 0 0.0461662 0.0220795 0 2567.56 -37.452 0 734681 
16000 4.59673e+008 382.862 1.18306e+006 0 0 93.0321 87.6612 0 0.0521251 0.0236568 0 2580.41 -37.1731 0 772953 
16100 4.39419e+008 385.129 1.1304e+006 0 0 92.9218 87.6125 0 0.0513438 0.0212595 0 2592.85 -36.7734 0 786914 
16200 4.53356e+008 383.343 1.16616e+006 0 0 93.1482 87.8006 0 0.0536644 0.021626 0 2605.69 -36.0829 0 789254 
16300 4.60352e+008 384.532 1.18464e+006 0 0 93.3246 87.8762 0 0.0649299 0.0268537 0 2618.54 -35.2219 0 787480 
16400 4.61029e+008 384.701 1.18508e+006 0 0 92.9507 87.502 0 0.0581395 0.0256616 0 2631.31 -35.0302 0 784400 
16500 4.78947e+008 384.754 1.23099e+006 0 0 93.0637 87.641 0 0.0420673 0.0192308 0 2643.81 -34.7924 0 787379 
16600 4.64309e+008 383.708 1.19286e+006 0 0 92.889 87.416 0 0.0480962 0.0240481 0 2655.89 -32.911 0 790454 
16700 4.70401e+008 382.997 1.21109e+006 0 0 93.1108 87.7158 0 0.0618226 0.0297069 0 2668.35 -32.6928 0 794720 
16800 4.5497e+008 382.552 1.17597e+006 0 0 93.0132 87.6716 0 0.0525261 0.0284683 0 2681.84 -31.0129 0 792841 
16900 4.57231e+008 382.524 1.18424e+006 0 0 93.022 87.5134 0 0.0564678 0.0292351 0 2694.79 -30.3307 0 799910 
17000 4.55885e+008 383.539 1.17639e+006 0 0 93.2378 87.8739 0 0.051004 0.0240964 0 2707.19 -29.214 0 798477 
17100 4.57923e+008 383.401 1.18232e+006 0 0 93.3506 87.7111 0 0.0488782 0.0188301 0 2720 -28.0485 0 796340 
17200 4.69561e+008 385.765 1.20781e+006 0 0 93.4806 88.0533 0 0.0660793 0.0320384 0 2732.97 -27.5455 0 796155 
17300 4.63964e+008 384.993 1.19479e+006 0 0 93.2331 87.9005 0 0.0545527 0.0240674 0 2745.68 -28.064 0 803179 
17400 4.4007e+008 382.97 1.13504e+006 0 0 93.2783 87.8225 0 0.053012 0.0240964 0 2758.92 -27.8556 0 797225 
17500 4.71961e+008 385.888 1.21613e+006 0 0 93.2595 88.1097 0 0.0576692 0.0264317 0 2771.63 -28.6588 0 796990 
17600 4.49375e+008 382.774 1.16529e+006 0 0 93.1195 87.6354 0 0.0437224 0.0212595 0 2784.52 -30.1112 0 798443 
17700 4.53307e+008 382.639 1.17454e+006 0 0 93.1106 87.627 0 0.0544872 0.0228365 0 2797.4 -31.6283 0 792454 
17800 4.68018e+008 381.369 1.21377e+006 0 0 93.1142 87.5365 0 0.0488782 0.0220353 0 2810.2 -32.2343 0 790674 
17900 4.57991e+008 382.667 1.18288e+006 0 0 93.1764 87.7951 0 0.0505213 0.0220529 0 2822.02 -31.8729 0 800101 
18000 4.45564e+008 382.484 1.15346e+006 0 0 92.806 87.402 0 0.0610442 0.026506 0 2834.2 -34.0736 0 802595 
18100 4.57399e+008 383.126 1.1811e+006 0 0 92.7447 87.2489 0 0.0633267 0.0300601 0 2846.98 -33.1736 0 800027 
18200 4.7904e+008 384.48 1.23534e+006 0 0 93.3447 88.0947 0 0.0525682 0.0224719 0 2859.43 -33.4154 0 805183 
18300 4.64566e+008 383.318 1.19726e+006 0 0 93.1746 87.7005 0 0.0473705 0.0200723 0 2872.44 -33.6089 0 805630 
18400 4.60858e+008 383.735 1.19114e+006 0 0 93.0465 87.492 0 0.042502 0.0200481 0 2884.76 -33.9097 0 800890 
18500 4.76805e+008 382.315 1.23577e+006 0 0 92.9459 87.6419 0 0.0541299 0.0236568 0 2897.84 -32.9986 0 797807 
18600 4.49789e+008 383.272 1.16283e+006 0 0 93.2333 87.9251 0 0.0569138 0.0252505 0 2910.23 -33.2809 0 798666 
18700 4.68732e+008 381.971 1.21943e+006 0 0 92.8442 87.2646 0 0.0493778 0.0220795 0 2923.55 -34.8247 0 798652 
18800 4.53736e+008 382.252 1.17429e+006 0 0 93.1857 87.7577 0 0.0629763 0.0268753 0 2936.73 -34.8221 0 797105 
18900 4.65823e+008 381.549 1.20601e+006 0 0 93.1744 87.7145 0 0.0565357 0.0220529 0 2949.19 -37.0151 0 799097 
19000 4.59059e+008 380.72 1.19352e+006 0 0 93.1032 87.4353 0 0.0698795 0.0333333 0 2962.02 -36.1196 0 800060 
19100 4.44019e+008 381.056 1.15288e+006 0 0 92.9217 87.289 0 0.0525893 0.0224809 0 2974.96 -34.4634 0 798583 
19200 4.70881e+008 383.189 1.22159e+006 0 0 93.1382 87.6811 0 0.0604968 0.0264423 0 2988.14 -35.342 0 798412 
19300 4.41736e+008 381.315 1.14838e+006 0 0 92.7637 87.3257 0 0.0417168 0.0200562 0 3000.78 -34.3327 0 799978 
19400 4.55282e+008 381.707 1.1865e+006 0 0 92.6169 87.098 0 0.0453815 0.0220884 0 3013.95 -32.5162 0 794535 
19500 4.56696e+008 378.681 1.19277e+006 0 0 92.5377 87.008 0 0.0520833 0.025641 0 3027.72 -31.0255 0 792850 
19600 4.52854e+008 380.476 1.17911e+006 0 0 92.3634 86.7738 0 0.0497393 0.0252708 0 3040.93 -32.3189 0 792862 
19700 4.66477e+008 381.926 1.21466e+006 0 0 92.8821 87.2819 0 0.0573376 0.0264635 0 3054.27 -33.2262 0 791763 
19800 4.51151e+008 382.759 1.17111e+006 0 0 92.653 86.8888 0 0.0518072 0.0228916 0 3066.3 -33.5925 0 789668 
19900 4.55921e+008 381.918 1.18741e+006 0 0 92.3851 86.7264 0 0.0433213 0.0236663 0 3079.8 -31.5246 0 791378 
20000 4.45014e+008 377.864 1.16548e+006 0 0 92.2267 86.6688 0 0.0478296 0.0213023 0 3092.64 -28.9015 0 793767 
20100 4.61991e+008 378.833 1.20962e+006 0 0 92.3293 86.6968 0 0.0685921 0.0357 0 3106.07 -26.7896 0 796484 
20200 4.4354e+008 378.453 1.16035e+006 0 0 92.1193 86.4867 0 0.0562249 0.0257028 0 3119.01 -22.4572 0 796406 
20300 4.52822e+008 376.855 1.1883e+006 0 0 92.1529 86.6875 0 0.0580232 0.0280112 0 3132.09 -21.8758 0 796525 
20400 4.55071e+008 377.08 1.19825e+006 0 0 92.1535 86.3524 0 0.0558457 0.0253114 0 3145.93 -21.2965 0 797727 
20500 4.47099e+008 375.141 1.18227e+006 0 0 92.3888 86.661 0 0.0493976 0.0200803 0 3159.65 -19.9873 0 798466 
20600 4.64677e+008 375.182 1.2278e+006 0 0 91.935 86.1513 0 0.0570052 0.0268968 0 3172.25 -20.8023 0 799391 
20700 4.46669e+008 375.202 1.18236e+006 0 0 91.6197 85.9442 0 0.0633775 0.0256719 0 3185.2 -23.0936 0 801996 
20800 4.50591e+008 375.141 1.1893e+006 0 0 91.9715 86.2627 0 0.0565584 0.0280786 0 3198.64 -22.6321 0 801097 
20900 4.46424e+008 372.97 1.18425e+006 0 0 91.8085 85.8354 0 0.0429546 0.0208752 0 3211.66 -27.0007 0 800015 
21000 4.38192e+008 375.597 1.15823e+006 0 0 91.8691 85.95 0 0.0544436 0.0232186 0 3223.96 -26.2691 0 795566 
21100 4.52345e+008 374.929 1.19357e+006 0 0 91.7674 86.0004 0 0.0493184 0.0232558 0 3237.26 -26.1335 0 792890 
21200 4.50516e+008 373.033 1.19551e+006 0 0 91.8 85.8418 0 0.0586345 0.0253012 0 3250.58 -25.0762 0 791793 
21300 4.38273e+008 374.982 1.168e+006 0 0 91.7179 86.1312 0 0.0617978 0.0260835 0 3263.68 -24.1658 0 791608 
21400 4.45112e+008 369.871 1.19216e+006 0 0 91.4641 85.5436 0 0.0457648 0.0208752 0 3277.03 -22.7163 0 791939 
21500 4.59095e+008 372.695 1.22103e+006 0 0 91.8294 86.3677 0 0.0497792 0.0228824 0 3290.87 -20.0244 0 797719 
21600 4.71401e+008 374.138 1.24959e+006 0 0 91.8861 86.4996 0 0.0561347 0.0236568 0 3303.67 -20.5069 0 804954 
21700 4.59829e+008 374.053 1.21964e+006 0 0 92.1031 86.6611 0 0.052146 0.019655 0 3316.04 -19.0921 0 809307 
21800 4.68222e+008 375.599 1.23808e+006 0 0 92.0553 86.62 0 0.0352705 0.0164329 0 3329.1 -15.6078 0 814741 
21900 4.52578e+008 376.551 1.19252e+006 0 0 92.1096 86.7864 0 0.0345243 0.0148535 0 3342.2 -12.0281 0 821774 
22000 4.69634e+008 374.801 1.24605e+006 0 0 92.4534 86.9572 0 0.0444178 0.0204082 0 3354.89 -11.4996 0 823938 
22100 4.489e+008 374.805 1.1899e+006 0 0 92.5144 87.1251 0 0.0477145 0.0232558 0 3368.39 -11.8051 0 821827 
22200 4.66178e+008 374.745 1.23732e+006 0 0 92.6361 87.1415 0 0.0501002 0.0240481 0 3381.36 -9.15272 0 821078 
22300 4.74596e+008 376.521 1.25429e+006 0 0 92.8426 87.4053 0 0.0500601 0.0180216 0 3394 -6.31459 0 819386 
22400 4.64948e+008 375.646 1.23038e+006 0 0 92.8621 87.0954 0 0.0609218 0.0272545 0 3406.66 -4.8384 0 816826 
22500 4.76035e+008 375.096 1.26414e+006 0 0 93.3624 88.0722 0 0.0517657 0.0188604 0 3419.55 -0.0730888 0 818588 
22600 4.7015e+008 375.026 1.25141e+006 0 0 93.1439 87.4198 0 0.0661588 0.0268645 0 3432.15 -0.205838 0 824093 
22700 4.81084e+008 372.858 1.2828e+006 0 0 93.0461 87.5269 0 0.0461107 0.0188452 0 3445.18 -0.227163 0 826687 
22800 4.59136e+008 373.736 1.2224e+006 0 0 93.3933 88.079 0 0.0437049 0.021251 0 3458.43 -0.40051 0 829656 
22900 4.59899e+008 374.037 1.22848e+006 0 0 93.2936 88.0521 0 0.0544654 0.0268322 0 3471.74 -0.919261 0 831480 
23000 4.64655e+008 372.172 1.24416e+006 0 0 93.3003 87.896 0 0.0537937 0.0268968 0 3484.7 -0.440416 0 828951 
23100 4.64219e+008 372.408 1.24157e+006 0 0 92.8935 87.4101 0 0.0576692 0.0240288 0 3498.17 -0.614068 0 828511 
23200 4.74297e+008 371.513 1.2733e+006 0 0 93.2112 87.6281 0 0.0549098 0.0252505 0 3511.69 1.89274 0 830582 
23300 4.66237e+008 372.888 1.24839e+006 0 0 93.1449 87.6348 0 0.0569823 0.0244783 0 3524.48 0.676374 0 830351 
23400 4.91908e+008 371.017 1.32297e+006 0 0 92.9659 87.5238 0 0.0625251 0.0264529 0 3537.34 3.27958 0 832395 
23500 4.62045e+008 369.117 1.24367e+006 0 0 93.1259 87.7281 0 0.0601443 0.0248597 0 3550.69 2.85808 0 840894 
23600 4.57797e+008 368.387 1.23541e+006 0 0 93.1671 87.8241 0 0.0542169 0.0220884 0 3564.21 6.31526 0 837447 
23700 4.5594e+008 370.877 1.2301e+006 0 0 93.13 87.5959 0 0.0529695 0.0200642 0 3577.65 4.82218 0 831859 
23800 4.81988e+008 369.445 1.29732e+006 0 0 92.9815 87.6228 0 0.04374 0.0192616 0 3590.23 9.21085 0 832621 
23900 4.78778e+008 368.985 1.29562e+006 0 0 93.0553 87.705 0 0.0509018 0.0204409 0 3603.16 10.7286 0 835146 
24000 4.69438e+008 367.979 1.27147e+006 0 0 92.9077 87.6014 0 0.0493778 0.0204737 0 3616.91 14.5443 0 833005 
24100 5.41077e+008 366.952 1.47767e+006 0 0 93.0594 87.7703 0 0.0493976 0.026506 0 3631.12 14.971 0 844482 
24200 7.88768e+008 367.01 2.19869e+006 0 0 92.7632 87.0995 0 0.0557785 0.0248796 0 3650.76 18.8516 0 919200 
24300 9.93448e+008 363.386 2.79103e+006 0 0 92.317 86.4643 0 0.0666132 0.0276886 0 3674.24 20.7511 0 1.07646e+006 
24400 1.22138e+009 359.388 3.43557e+006 0 0 91.8728 85.7172 0 0.052146 0.026073 0 3703.68 23.5515 0 1.32658e+006 
24500 1.48886e+009 354.731 4.22523e+006 0 0 91.0272 84.4675 0 0.0488782 0.0204327 0 3735.7 25.4795 0 1.65534e+006 
24600 1.65602e+009 351.191 4.71734e+006 0 0 90.8792 84.3864 0 0.0617978 0.0280899 0 3762.54 24.9881 0 2.07891e+006 
24700 1.74713e+009 350.485 4.99106e+006 0 0 90.7443 84.1764 0 0.0488978 0.0240481 0 3782.64 25.1545 0 2.48209e+006 
24800 1.79935e+009 350.471 5.14346e+006 0 0 90.6676 84.1022 0 0.0561347 0.0256616 0 3801.31 24.7603 0 2.8288e+006 
24900 1.79221e+009 349.213 5.11716e+006 0 0 90.8337 84.1551 0 0.0541082 0.0232465 0 3816.06 24.0851 0 3.08536e+006 
25000 1.8084e+009 349.629 5.15978e+006 0 0 91.1119 84.4521 0 0.0501404 0.0216606 0 3830.24 23.2289 0 3.27121e+006 
25100 1.80338e+009 350.483 5.14353e+006 0 0 91.1363 84.2313 0 0.0549098 0.0244489 0 3843.78 23.7472 0 3.36542e+006 
25200 1.79612e+009 349.974 5.13994e+006 0 0 90.714 83.8379 0 0.0549539 0.0244685 0 3857.58 22.589 0 3.40636e+006 
25300 1.78802e+009 349.277 5.10205e+006 0 0 90.9848 84.1238 0 0.0484776 0.0184295 0 3871.35 23.5654 0 3.42099e+006 
25400 1.75851e+009 351.485 5.01175e+006 0 0 90.9992 84.3553 0 0.0549318 0.0236568 0 3885.49 22.1384 0 3.42214e+006 
25500 1.88143e+009 348.729 5.37787e+006 0 0 91.2744 84.5954 0 0.0508814 0.0220353 0 3899.34 21.3645 0 3.42162e+006 
25600 1.85244e+009 351.183 5.29618e+006 0 0 91.0329 84.4524 0 0.0630269 0.0289041 0 3912.7 20.2783 0 3.42059e+006 
25700 1.84816e+009 348.803 5.28455e+006 0 0 90.8513 84.3046 0 0.0496994 0.0236473 0 3925.93 20.0395 0 3.43355e+006 
25800 1.85274e+009 348.876 5.29778e+006 0 0 91.0835 84.3323 0 0.065008 0.0280899 0 3939 19.5035 0 3.43969e+006 
25900 1.7919e+009 346.459 5.15284e+006 0 0 90.7434 83.7362 0 0.0557338 0.0244587 0 3952.6 18.9617 0 3.4489e+006 
26000 1.81483e+009 348.073 5.2124e+006 0 0 90.9122 84.0714 0 0.0633775 0.0304854 0 3966.47 16.4687 0 3.44747e+006 
26100 1.85486e+009 348.097 5.30304e+006 0 0 90.9591 84.2979 0 0.0537289 0.0240577 0 3979.81 16.5785 0 3.45119e+006 
26200 1.84621e+009 347.77 5.29666e+006 0 0 90.7768 84.0132 0 0.058517 0.0296593 0 3993.58 18.9788 0 3.46207e+006 
26300 1.8117e+009 349.461 5.18111e+006 0 0 91.0541 84.4271 0 0.0488782 0.021234 0 4006.37 19.6165 0 3.47628e+006 
26400 1.80851e+009 347.966 5.19522e+006 0 0 90.9575 84.0801 0 0.0600721 0.0272327 0 4019.85 19.5878 0 3.4734e+006 
26500 1.80667e+009 347.636 5.19364e+006 0 0 90.8328 83.9771 0 0.0617482 0.0260626 0 4033.98 19.5034 0 3.49581e+006 
26600 1.80333e+009 348.745 5.16811e+006 0 0 90.9302 84.0393 0 0.0405134 0.0168472 0 4047.78 17.5506 0 3.49725e+006 
26700 1.8409e+009 348.853 5.27399e+006 0 0 91.0188 84.4103 0 0.0580929 0.0240385 0 4061.17 17.9717 0 3.47958e+006 
26800 1.90969e+009 348.099 5.46845e+006 0 0 91.1042 84.3347 0 0.0553106 0.0228457 0 4075.18 18.2007 0 3.45124e+006 
26900 1.82677e+009 349.258 5.22005e+006 0 0 90.9246 84.1966 0 0.0577617 0.0312876 0 4089.2 18.1226 0 3.46345e+006 
27000 1.83215e+009 347.547 5.25664e+006 0 0 90.9608 84.3097 0 0.0664266 0.0296118 0 4102.95 17.8236 0 3.46246e+006 
27100 1.87194e+009 346.617 5.38741e+006 0 0 90.4914 83.9006 0 0.060521 0.0272545 0 4117.07 16.7395 0 3.46682e+006 
27200 1.78686e+009 348.018 5.12561e+006 0 0 90.795 84.5604 0 0.0488391 0.0256205 0 4131.07 16.9236 0 3.48629e+006 
27300 1.83965e+009 347.313 5.29643e+006 0 0 90.7961 84.2931 0 0.0630269 0.0305098 0 4145.11 16.8922 0 3.48941e+006 
27400 1.86744e+009 348.705 5.34599e+006 0 0 91.0421 84.4309 0 0.0617234 0.0232465 0 4159.07 15.4542 0 3.48279e+006 
27500 1.81994e+009 347.627 5.21696e+006 0 0 90.9315 84.6755 0 0.068109 0.0316506 0 4172.68 16.9325 0 3.48316e+006 
27600 1.79181e+009 349.486 5.13185e+006 0 0 90.6168 84.2187 0 0.0513644 0.024077 0 4186.16 15.2056 0 3.47391e+006 
27700 1.85046e+009 348.464 5.30671e+006 0 0 90.8095 84.6083 0 0.0561347 0.0264635 0 4199.73 17.6789 0 3.47076e+006 
27800 1.8008e+009 346.889 5.19515e+006 0 0 90.5162 84.3767 0 0.0625752 0.0316887 0 4213.44 17.863 0 3.48674e+006 
27900 1.80773e+009 345.439 5.22002e+006 0 0 90.0934 84.2685 0 0.0553106 0.0240481 0 4227.11 19.7571 0 3.50394e+006 
28000 1.76772e+009 346.447 5.11044e+006 0 0 89.984 83.8909 0 0.0517241 0.0196472 0 4240.75 21.5183 0 3.49093e+006 
28100 1.81876e+009 346.693 5.24012e+006 0 0 90.312 84.4373 0 0.0536644 0.0240288 0 4254.38 20.4921 0 3.49401e+006 
28200 1.8088e+009 347.121 5.20768e+006 0 0 90.6623 84.9511 0 0.0472756 0.0240385 0 4268.77 17.2846 0 3.48527e+006 
28300 1.82702e+009 346.651 5.26638e+006 0 0 90.2729 84.4164 0 0.0573146 0.0224449 0 4282.56 16.3122 0 3.48132e+006 
28400 1.81382e+009 345.318 5.23786e+006 0 0 90.4047 84.5945 0 0.0659164 0.0277331 0 4296.33 17.6434 0 3.4736e+006 
28500 1.76768e+009 345.067 5.0985e+006 0 0 90.0546 84.3037 0 0.0537505 0.026073 0 4309.89 18.2475 0 3.48062e+006 
28600 1.77989e+009 345.778 5.13647e+006 0 0 90.2414 84.4836 0 0.052927 0.0252606 0 4323.12 17.8465 0 3.48357e+006 
28700 1.84747e+009 346.561 5.31188e+006 0 0 90.2575 84.4922 0 0.0485359 0.0236663 0 4337.42 15.7403 0 3.48762e+006 
28800 1.89475e+009 347.084 5.45119e+006 0 0 90.2806 85.0169 0 0.0469691 0.0260939 0 4350.79 18.0134 0 3.50745e+006 
28900 1.73355e+009 345.693 5.00743e+006 0 0 90.376 85.0157 0 0.0549759 0.0236758 0 4364.55 18.596 0 3.50911e+006 
29000 1.82364e+009 347.474 5.25682e+006 0 0 90.1037 84.958 0 0.040032 0.0204163 0 4378.62 20.2458 0 3.51353e+006 
29100 1.82639e+009 344.348 5.29837e+006 0 0 89.6349 84.3924 0 0.0529058 0.0248497 0 4392.49 21.2662 0 3.50949e+006 
29200 1.83529e+009 345.572 5.32084e+006 0 0 89.8608 84.629 0 0.0461292 0.0184517 0 4406.8 20.0284 0 3.50699e+006 
29300 1.80644e+009 343.999 5.23637e+006 0 0 89.7967 84.4777 0 0.062274 0.0305344 0 4420.61 19.1112 0 3.50487e+006 
29400 1.85089e+009 343.658 5.36006e+006 0 0 89.5975 84.3821 0 0.0632759 0.0328394 0 4434.4 16.8364 0 3.51266e+006 
29500 1.86324e+009 345.648 5.3885e+006 0 0 89.6541 84.5142 0 0.0709419 0.0368737 0 4449 16.385 0 3.51944e+006 
29600 1.88461e+009 344.418 5.46962e+006 0 0 89.7985 84.5857 0 0.0493778 0.021678 0 4462.66 14.4077 0 3.53719e+006 
29700 1.84602e+009 345.462 5.34014e+006 0 0 90.1125 85.0024 0 0.0530333 0.0289273 0 4476.73 14.0021 0 3.55286e+006 
29800 1.79884e+009 345.13 5.20618e+006 0 0 90.1549 84.9307 0 0.0536429 0.0232186 0 4491.03 15.5324 0 3.54722e+006 
29900 1.81166e+009 344.503 5.26314e+006 0 0 89.8551 84.6051 0 0.0513644 0.0212681 0 4505.62 16.6267 0 3.54051e+006 
30000 1.83852e+009 344.5 5.34179e+006 0 0 89.5233 84.2578 0 0.0767068 0.0309237 0 4519.77 15.0054 0 3.52032e+006 
30100 1.75048e+009 342.8 5.0831e+006 0 0 89.0919 84.0642 0 0.0613718 0.032491 0 4532.51 17.183 0 3.5054e+006 
30200 1.83577e+009 344.452 5.32249e+006 0 0 89.5196 84.5537 0 0.0713713 0.0328789 0 4547.08 17.9606 0 3.48524e+006 
30300 1.77281e+009 343.065 5.16416e+006 0 0 89.0944 83.9269 0 0.0590599 0.0261149 0 4561.22 18.6563 0 3.48127e+006 
30400 1.83218e+009 342.022 5.35453e+006 0 0 89.1942 83.9948 0 0.0544436 0.0248199 0 4574.68 16.8859 0 3.49337e+006 
30500 1.83418e+009 342.349 5.34494e+006 0 0 89.4439 84.0725 0 0.0548878 0.0280449 0 4588.22 13.65 0 3.52495e+006 
30600 1.8789e+009 342.094 5.48161e+006 0 0 89.4872 84.1058 0 0.0604968 0.0236378 0 4601.68 14.6859 0 3.55003e+006 
30700 1.77903e+009 342.894 5.19127e+006 0 0 89.5086 84.3282 0 0.0470068 0.0196866 0 4614.81 14.6836 0 3.57639e+006 
30800 1.80656e+009 342.625 5.28635e+006 0 0 89.2459 84.0485 0 0.0545527 0.0288809 0 4629.03 15.4216 0 3.58662e+006 
30900 1.73828e+009 340.908 5.10434e+006 0 0 89.1868 84.0221 0 0.0653569 0.032077 0 4642.94 16.7905 0 3.57045e+006 
31000 1.81565e+009 344.455 5.27483e+006 0 0 89.5084 84.3427 0 0.0585875 0.0280899 0 4657.21 15.0835 0 3.54972e+006 
31100 1.87561e+009 341.89 5.48075e+006 0 0 89.297 84.0882 0 0.058517 0.0248497 0 4671.85 15.7679 0 3.53027e+006 
31200 1.78679e+009 341.69 5.21609e+006 0 0 89.3585 84.3079 0 0.0606182 0.0268968 0 4685.8 16.4847 0 3.52408e+006 
31300 1.89735e+009 342.257 5.54349e+006 0 0 89.2679 84.157 0 0.0586345 0.0285141 0 4700.31 18.1469 0 3.52313e+006 
31400 1.81281e+009 342.485 5.29295e+006 0 0 89.2847 84.394 0 0.0462405 0.0205066 0 4714.05 17.3533 0 3.53568e+006 
31500 1.89416e+009 342.71 5.53466e+006 0 0 89.3761 84.2555 0 0.0568682 0.0252303 0 4728.17 14.6673 0 3.55666e+006 
31600 1.85793e+009 344.964 5.40256e+006 0 0 89.6366 84.5491 0 0.0633775 0.0256719 0 4741.15 12.2657 0 3.59065e+006 
31700 1.80147e+009 343.414 5.25347e+006 0 0 89.3632 84.0213 0 0.0474658 0.0249397 0 4754.05 12.9192 0 3.59019e+006 
31800 1.87646e+009 343.997 5.45649e+006 0 0 89.9102 84.911 0 0.0689379 0.0324649 0 4768.52 16.842 0 3.59862e+006 
31900 1.81739e+009 342.826 5.31443e+006 0 0 89.6447 84.5028 0 0.0517241 0.0240577 0 4782.73 19.4616 0 3.60676e+006 
32000 1.77589e+009 342.413 5.18307e+006 0 0 89.2723 84.1419 0 0.0621492 0.0292702 0 4796.83 19.3501 0 3.58678e+006 
32100 1.79407e+009 343.756 5.23119e+006 0 0 89.4227 84.0943 0 0.0521879 0.0232838 0 4810.86 18.8082 0 3.5427e+006 
32200 1.87507e+009 340.413 5.49883e+006 0 0 88.9711 83.8377 0 0.058517 0.0252505 0 4825.47 19.8462 0 3.54929e+006 
32300 1.91434e+009 341.255 5.60568e+006 0 0 89.3336 84.269 0 0.0469126 0.0240577 0 4838.52 20.6166 0 3.57083e+006 
32400 1.86969e+009 342.301 5.46947e+006 0 0 89.2087 84.3347 0 0.070626 0.0333066 0 4851.64 16.7164 0 3.59926e+006 
32500 1.83051e+009 340.877 5.37633e+006 0 0 89.1882 83.801 0 0.0640769 0.0268322 0 4865.1 16.8087 0 3.62016e+006 
32600 1.80242e+009 340.46 5.27976e+006 0 0 89.1152 84.0213 0 0.0670144 0.0280899 0 4878.46 19.7334 0 3.63796e+006 
32700 1.85412e+009 341.118 5.43492e+006 0 0 89.0721 84.1545 0 0.0536429 0.0228183 0 4892.7 17.6836 0 3.62631e+006 
32800 1.88839e+009 343.33 5.50565e+006 0 0 89.297 84.3495 0 0.0613226 0.0296593 0 4906.19 15.4247 0 3.61111e+006 
32900 1.85119e+009 342.997 5.39936e+006 0 0 89.125 84.1022 0 0.0588942 0.0224359 0 4920.07 12.5634 0 3.58751e+006 
33000 1.91201e+009 343.02 5.57181e+006 0 0 89.3994 84.5188 0 0.0472756 0.0200321 0 4933.55 10.7117 0 3.59552e+006 
33100 1.84146e+009 343.757 5.35383e+006 0 0 89.5425 84.4791 0 0.042101 0.0196472 0 4946.98 12.9746 0 3.59354e+006 
33200 1.88762e+009 343.491 5.48347e+006 0 0 89.6839 84.702 0 0.0581629 0.0268753 0 4960.82 12.2664 0 3.59411e+006 
33300 1.84255e+009 343.925 5.35284e+006 0 0 89.7353 84.6578 0 0.0517449 0.0256719 0 4974.47 11.253 0 3.58256e+006 
33400 1.84537e+009 347.132 5.31268e+006 0 0 90.0958 85.3244 0 0.0537289 0.0268645 0 4988.77 12.5621 0 3.55879e+006 
33500 1.94472e+009 348.565 5.59396e+006 0 0 90.7507 85.7839 0 0.0584234 0.027611 0 5002.96 11.368 0 3.55813e+006 
33600 1.84451e+009 348.92 5.28592e+006 0 0 90.5335 85.1625 0 0.0533494 0.0220618 0 5016.11 13.4837 0 3.56702e+006 
33700 1.83142e+009 349.758 5.24369e+006 0 0 90.8379 85.5273 0 0.0658106 0.0300963 0 5030.22 11.2773 0 3.55058e+006 
33800 1.85979e+009 349.876 5.34342e+006 0 0 90.7438 85.6033 0 0.0588471 0.030024 0 5043.84 12.7354 0 3.55602e+006 
33900 1.86324e+009 349.663 5.33784e+006 0 0 90.7468 85.6425 0 0.0577849 0.0300963 0 5057.32 11.6594 0 3.55424e+006 
34000 1.94507e+009 348.059 5.58822e+006 0 0 90.5625 85.5461 0 0.0673077 0.0280449 0 5071.32 13.0263 0 3.54782e+006 
34100 2.01174e+009 348.049 5.77145e+006 0 0 90.2978 85.2661 0 0.0533066 0.0220441 0 5083.93 15.0052 0 3.56323e+006 
34200 1.93073e+009 349.318 5.52546e+006 0 0 90.636 85.3391 0 0.0506227 0.022499 0 5097.45 14.4771 0 3.59906e+006 
34300 1.90759e+009 349.909 5.44409e+006 0 0 90.974 85.7095 0 0.0656263 0.0312125 0 5111.12 13.0985 0 3.60038e+006 
34400 1.94853e+009 352.365 5.54194e+006 0 0 91.4113 86.2797 0 0.0617978 0.0292937 0 5123.78 13.5458 0 3.62429e+006 
34500 1.96139e+009 353.043 5.55551e+006 0 0 91.6142 86.2127 0 0.0604968 0.0268429 0 5136.84 14.5372 0 3.61971e+006 
34600 1.91416e+009 353.304 5.41745e+006 0 0 91.4501 86.0853 0 0.0640769 0.0320384 0 5149.29 16.6962 0 3.59885e+006 
34700 1.87019e+009 351.159 5.32045e+006 0 0 90.9856 85.6422 0 0.0541516 0.0236663 0 5162.98 17.4922 0 3.58054e+006 
34800 1.91788e+009 352.193 5.46393e+006 0 0 90.7965 85.6639 0 0.0528846 0.0216346 0 5175.83 19.2688 0 3.56861e+006 
34900 1.90513e+009 352.633 5.433e+006 0 0 90.8315 85.6346 0 0.0557561 0.0296831 0 5190.09 20.7692 0 3.56226e+006 
35000 1.91497e+009 349.847 5.48071e+006 0 0 90.3915 85.426 0 0.0605696 0.0300842 0 5202.96 23.4785 0 3.55714e+006 
35100 1.87749e+009 349.919 5.3863e+006 0 0 90.3324 85.259 0 0.0593424 0.0324779 0 5215.97 25.0552 0 3.5745e+006 
35200 1.89643e+009 348.306 5.43141e+006 0 0 90.6447 85.4294 0 0.0565357 0.0288693 0 5229.07 23.773 0 3.58125e+006 
35300 1.8029e+009 348.096 5.18843e+006 0 0 90.2591 84.833 0 0.061674 0.0244293 0 5242.92 21.8612 0 3.59041e+006 
35400 1.87623e+009 347.676 5.39551e+006 0 0 90.4579 85.0441 0 0.0513232 0.0196472 0 5256.2 25.6611 0 3.59351e+006 
35500 1.9541e+009 350.507 5.6211e+006 0 0 90.3686 85.0457 0 0.0444712 0.0204327 0 5269.63 26.1436 0 3.58993e+006 
35600 1.77047e+009 348.153 5.08099e+006 0 0 90.1846 84.9383 0 0.0552663 0.0260312 0 5283 26.6925 0 3.56807e+006 
35700 1.91827e+009 350.937 5.47535e+006 0 0 90.6353 85.4145 0 0.0570281 0.024498 0 5296.84 24.4444 0 3.55794e+006 
35800 1.89154e+009 347.578 5.44445e+006 0 0 90.0939 84.7589 0 0.061773 0.0264741 0 5309.17 25.0191 0 3.56652e+006 
35900 1.82396e+009 348.638 5.27414e+006 0 0 89.5502 84.6172 0 0.0702247 0.029695 0 5322.74 24.0652 0 3.54166e+006 
36000 1.84588e+009 345.603 5.34921e+006 0 0 89.4455 84.2813 0 0.0600962 0.0304487 0 5336.36 24.3382 0 3.53517e+006 
36100 1.881e+009 346.48 5.42207e+006 0 0 89.1751 84.0128 0 0.0516827 0.0244391 0 5349.28 24.035 0 3.55069e+006 
36200 1.85968e+009 345.77 5.37885e+006 0 0 89.2986 83.8012 0 0.0677355 0.0308617 0 5363.43 24.5405 0 3.55559e+006 
36300 1.87895e+009 347.771 5.40902e+006 0 0 89.607 84.3173 0 0.0488782 0.0236378 0 5377.43 25.0849 0 3.54206e+006 
36400 1.86445e+009 347.447 5.36956e+006 0 0 89.8312 84.3941 0 0.0577386 0.0284683 0 5391.57 26.773 0 3.56172e+006 
36500 1.851e+009 346.337 5.32675e+006 0 0 89.5749 84.1983 0 0.0536859 0.0240385 0 5405.32 26.2939 0 3.57617e+006 
36600 1.77753e+009 348.177 5.11134e+006 0 0 89.7161 84.332 0 0.0592711 0.0248298 0 5418.78 26.315 0 3.56621e+006 
36700 1.79156e+009 348.391 5.14364e+006 0 0 90.073 84.7922 0 0.0609707 0.0236663 0 5432.12 26.221 0 3.53883e+006 
36800 1.9035e+009 349.092 5.45878e+006 0 0 90.2421 84.7467 0 0.044489 0.0252505 0 5446.58 28.454 0 3.53481e+006 
36900 1.86033e+009 349.617 5.33241e+006 0 0 90.2025 84.8019 0 0.063352 0.0280674 0 5459.89 30.6715 0 3.52863e+006 
37000 1.7947e+009 350.531 5.12372e+006 0 0 90.2214 84.9162 0 0.0573606 0.0232651 0 5472.73 29.6455 0 3.52135e+006 
37100 1.90137e+009 351.323 5.4332e+006 0 0 90.5263 85.0842 0 0.0745491 0.0348697 0 5485.79 29.041 0 3.5245e+006 
37200 1.87392e+009 351.811 5.34585e+006 0 0 90.4816 85.0616 0 0.0628503 0.0304243 0 5499.12 30.7006 0 3.5622e+006 
37300 1.89306e+009 349.629 5.41583e+006 0 0 90.2887 84.9948 0 0.0549318 0.0264635 0 5512.15 29.9522 0 3.57272e+006 
37400 1.85491e+009 350.304 5.30264e+006 0 0 90.0393 84.8073 0 0.0504808 0.0220353 0 5526.38 29.1476 0 3.58086e+006 
37500 1.90297e+009 348.823 5.45988e+006 0 0 90.3188 85.2499 0 0.0612735 0.0292351 0 5540.91 28.2498 0 3.57552e+006 
37600 1.7967e+009 348.472 5.17581e+006 0 0 90.2245 84.9912 0 0.0621492 0.0268645 0 5554.4 28.9151 0 3.56955e+006 
37700 1.83842e+009 350.591 5.26717e+006 0 0 90.2633 84.9799 0 0.0598153 0.0276997 0 5568.08 28.1501 0 3.55226e+006 
37800 1.82496e+009 348.004 5.24228e+006 0 0 90.3317 85.0586 0 0.0681909 0.029282 0 5581.61 26.7282 0 3.53991e+006 
37900 1.78841e+009 347.72 5.14722e+006 0 0 89.9731 84.6484 0 0.0657578 0.0332799 0 5594.6 25.903 0 3.53092e+006 
38000 1.84748e+009 348.667 5.31194e+006 0 0 90.1299 84.7383 0 0.0609218 0.0300601 0 5608.34 25.9645 0 3.5272e+006 
38100 1.82001e+009 350.349 5.18628e+006 0 0 90.4429 85.0869 0 0.0540649 0.0224269 0 5622.5 29.0149 0 3.51557e+006 
