100 0
200 0
300 0
400 0
500 0
600 0
700 0
800 0
900 1
1000 1
1100 1
1200 1
1300 1
1400 1
1500 1
1600 1
1700 2
1800 1
1900 2
2000 2
2100 2
2200 2
2300 2
2400 2
2500 2
2600 3
2700 3
2800 3
2900 3
3000 3
3100 3
3200 3
3300 3
3400 3
3500 3
3600 3
3700 3
3800 3
3900 4
4000 4
4100 4
4200 4
4300 4
4400 4
4500 4
4600 4
4700 4
4800 4
4900 4
5000 4
5100 4
5200 5
5300 5
5400 5
5500 5
5600 5
5700 5
5800 5
5900 5
6000 5
6100 6
6200 6
6300 6
6400 6
6500 6
6600 6
6700 6
6800 6
6900 6
7000 6
7100 7
7200 7
7300 7
7400 7
7500 7
7600 7
7700 7
7800 7
7900 7
8000 7
8100 7
8200 7
8300 7
8400 7
8500 7
8600 7
8700 7
8800 7
8900 7
9000 7
9100 7
9200 7
9300 7
9400 7
9500 7
9600 7
9700 7
9800 7
9900 7
10000 7
10100 7
10200 7
10300 7
10400 7
10500 7
10600 7
10700 6
10800 6
10900 6
11000 6
11100 6
11200 6
11300 7
11400 7
11500 8
11600 8
11700 8
11800 8
11900 7
12000 7
12100 7
12200 8
12300 7
12400 7
12500 7
12600 8
12700 8
12800 8
12900 8
13000 8
13100 7
13200 7
13300 7
13400 7
13500 7
13600 7
13700 6
13800 6
13900 7
14000 7
14100 7
14200 7
14300 7
14400 7
14500 7
14600 7
14700 7
14800 7
14900 7
15000 7
15100 7
15200 7
15300 7
15400 7
15500 7
15600 7
15700 7
15800 7
15900 7
16000 7
16100 7
16200 7
16300 8
16400 8
16500 8
16600 8
16700 8
16800 8
16900 8
17000 8
17100 8
17200 9
17300 9
17400 8
17500 9
17600 9
17700 9
17800 9
17900 9
18000 9
18100 9
18200 9
18300 9
18400 8
18500 8
18600 8
18700 8
18800 9
18900 9
19000 9
19100 9
19200 9
19300 10
19400 10
19500 10
19600 10
19700 10
19800 10
19900 10
20000 10
20100 10
20200 10
20300 10
20400 10
20500 10
20600 10
20700 11
20800 11
20900 10
21000 10
21100 10
21200 10
21300 10
21400 10
21500 10
21600 10
21700 10
21800 10
21900 11
22000 11
22100 11
22200 10
22300 11
22400 11
22500 11
22600 11
22700 11
22800 11
22900 11
23000 11
23100 11
23200 11
23300 11
23400 11
23500 12
23600 12
23700 12
23800 12
23900 12
24000 13
24100 13
24200 14
24300 13
24400 13
24500 13
24600 13
24700 14
24800 14
24900 14
25000 14
25100 14
25200 14
25300 14
25400 14
25500 14
25600 14
25700 14
25800 14
25900 14
26000 14
26100 14
26200 14
26300 14
26400 14
26500 14
26600 14
26700 14
26800 14
26900 14
27000 14
27100 14
27200 14
27300 14
27400 14
27500 14
27600 14
27700 14
27800 14
27900 13
28000 13
28100 14
28200 13
28300 13
28400 13
28500 13
28600 13
28700 13
28800 13
28900 14
29000 13
29100 13
29200 13
29300 13
29400 13
29500 14
29600 14
29700 13
29800 10
29900 10
30000 10
30100 10
30200 10
30300 10
30400 10
30500 10
30600 10
30700 11
30800 11
30900 11
31000 11
31100 10
31200 11
31300 11
31400 11
31500 11
31600 11
31700 11
31800 11
31900 11
32000 11
32100 12
32200 11
32300 12
32400 11
32500 11
32600 12
32700 10
32800 9
32900 9
33000 9
33100 9
33200 9
33300 9
33400 9
33500 9
33600 10
33700 10
33800 10
33900 10
34000 10
34100 10
34200 10
34300 9
34400 10
34500 10
34600 10
34700 10
34800 10
34900 10
35000 10
35100 10
35200 10
35300 10
35400 10
35500 10
35600 10
35700 10
35800 11
35900 10
36000 10
36100 10
36200 10
36300 11
36400 11
36500 11
36600 10
36700 11
36800 11
36900 11
37000 11
37100 11
37200 11
37300 11
37400 8
37500 8
37600 8
37700 8
37800 8
37900 8
38000 8
38100 8
38200 8
38300 8
38400 8
38500 9
38600 9
38700 9
38800 10
38900 10
39000 10
39100 10
39200 10
39300 11
39400 11
39500 11
39600 11
39700 11
39800 11
39900 11
40000 11
40100 11
40200 12
40300 12
40400 12
40500 12
40600 12
40700 12
40800 12
40900 12
41000 12
41100 13
41200 13
41300 13
41400 13
41500 13
41600 14
41700 14
41800 14
41900 14
42000 13
42100 14
42200 14
42300 14
42400 14
42500 14
42600 14
42700 14
42800 14
42900 14
43000 14
43100 15
43200 14
43300 14
43400 15
43500 15
43600 15
43700 16
43800 16
43900 16
44000 16
44100 16
44200 16
44300 16
44400 16
44500 16
44600 16
44700 16
44800 16
44900 16
45000 17
45100 17
45200 17
45300 17
45400 17
45500 18
45600 18
45700 18
45800 18
45900 18
46000 17
46100 17
46200 17
46300 17
46400 17
46500 17
46600 17
46700 17
46800 17
46900 17
47000 17
47100 17
47200 18
47300 18
47400 18
47500 18
47600 19
47700 19
47800 18
47900 18
48000 18
48100 18
48200 18
48300 18
48400 18
48500 18
48600 18
48700 18
48800 18
48900 18
49000 18
49100 18
49200 19
49300 19
49400 19
49500 19
49600 19
49700 19
49800 19
49900 20
50000 20
50100 20
50200 20
50300 20
50400 20
50500 21
50600 21
50700 20
50800 21
50900 21
51000 21
51100 21
51200 22
51300 22
51400 22
51500 22
51600 22
51700 22
51800 22
51900 21
52000 22
52100 22
52200 22
52300 21
52400 21
52500 21
52600 21
52700 21
52800 21
52900 21
53000 22
53100 22
53200 21
53300 21
53400 21
53500 21
53600 21
53700 21
53800 21
53900 21
54000 21
54100 20
54200 20
54300 20
54400 20
54500 20
54600 20
54700 20
54800 20
54900 20
55000 21
55100 21
55200 21
55300 14
55400 14
55500 14
55600 14
55700 14
55800 14
55900 15
56000 15
56100 15
56200 15
56300 15
56400 15
56500 16
56600 15
56700 16
56800 16
56900 12
57000 11
57100 12
57200 12
57300 11
57400 12
57500 12
57600 12
57700 11
57800 11
57900 11
58000 11
58100 11
58200 12
58300 11
58400 12
58500 12
58600 12
58700 12
58800 12
58900 12
59000 12
59100 12
59200 12
59300 12
59400 12
59500 12
59600 11
59700 11
59800 12
59900 11
60000 12
60100 12
60200 12
60300 12
60400 12
60500 12
60600 13
60700 13
60800 13
60900 13
61000 13
61100 13
61200 13
61300 12
61400 12
61500 12
61600 12
61700 12
61800 12
61900 12
62000 12
62100 12
62200 12
62300 12
62400 12
62500 13
62600 13
62700 13
62800 13
62900 13
63000 13
63100 13
63200 13
63300 13
63400 13
63500 14
63600 14
63700 14
63800 14
63900 14
64000 14
64100 14
64200 14
64300 14
64400 14
64500 14
64600 14
64700 14
64800 15
64900 15
65000 15
65100 15
65200 16
65300 16
65400 16
65500 16
65600 16
65700 16
65800 16
65900 16
66000 17
66100 17
66200 16
66300 16
66400 16
66500 17
66600 16
66700 16
66800 16
66900 16
67000 16
67100 16
67200 17
67300 16
67400 16
67500 16
67600 16
67700 16
67800 16
67900 16
68000 16
68100 16
68200 17
68300 17
68400 17
68500 17
68600 17
68700 17
68800 17
68900 17
69000 17
69100 17
69200 18
69300 18
69400 17
69500 17
69600 17
69700 17
69800 18
69900 18
70000 18
70100 18
70200 18
70300 18
70400 18
70500 18
70600 18
70700 19
70800 19
70900 19
71000 19
71100 19
71200 19
71300 19
71400 19
71500 19
71600 19
71700 19
71800 19
71900 19
72000 19
72100 19
72200 19
72300 19
72400 19
72500 19
72600 19
72700 19
72800 19
72900 19
73000 19
73100 20
73200 20
73300 20
73400 20
73500 20
73600 20
73700 20
73800 20
73900 20
74000 20
74100 20
74200 20
74300 20
74400 20
74500 18
74600 17
74700 17
74800 17
74900 17
75000 17
75100 17
75200 15
75300 15
75400 15
75500 15
75600 15
75700 15
75800 15
75900 16
76000 16
76100 16
76200 16
76300 16
76400 16
76500 16
76600 16
76700 16
76800 16
76900 16
77000 16
77100 16
77200 16
77300 16
77400 16
77500 17
77600 17
77700 17
77800 17
77900 17
78000 17
78100 17
78200 17
78300 18
78400 18
78500 18
78600 18
78700 18
78800 19
78900 19
79000 19
79100 19
79200 20
79300 20
79400 20
79500 20
79600 20
79700 20
79800 20
79900 20
80000 20
80100 20
80200 20
80300 20
80400 20
80500 20
80600 20
80700 20
80800 20
80900 20
81000 20
81100 20
81200 20
81300 20
81400 20
81500 20
81600 20
81700 20
81800 19
81900 19
82000 19
82100 20
82200 20
82300 20
82400 20
82500 20
82600 20
82700 20
82800 21
82900 21
83000 21
83100 21
83200 20
83300 20
83400 20
83500 20
83600 20
83700 20
83800 21
83900 21
84000 20
84100 21
84200 21
84300 21
84400 21
84500 21
84600 21
84700 21
84800 21
84900 21
85000 22
85100 22
85200 22
85300 22
85400 22
85500 22
85600 22
85700 22
85800 22
85900 23
86000 23
86100 23
86200 23
86300 23
86400 23
86500 23
86600 23
86700 24
86800 24
86900 24
87000 24
87100 24
87200 24
87300 24
87400 24
87500 24
87600 24
87700 25
87800 25
87900 25
88000 25
88100 25
88200 25
88300 25
88400 25
88500 25
88600 25
88700 25
88800 25
88900 25
89000 25
89100 26
89200 26
89300 26
89400 26
89500 26
89600 27
89700 27
89800 26
89900 27
90000 27
90100 27
90200 27
90300 27
90400 27
90500 27
90600 27
90700 28
90800 27
90900 27
91000 27
91100 27
91200 27
91300 27
91400 27
91500 27
91600 27
91700 27
91800 27
91900 26
92000 26
92100 26
92200 26
92300 26
92400 26
92500 26
92600 26
92700 26
92800 26
92900 26
93000 26
93100 26
93200 26
93300 26
93400 27
93500 27
93600 27
93700 27
93800 27
93900 27
94000 27
94100 27
94200 27
94300 27
94400 27
94500 27
94600 27
94700 27
94800 27
94900 27
95000 27
95100 27
95200 27
95300 27
95400 27
95500 27
95600 27
95700 27
95800 28
95900 28
96000 28
96100 28
96200 28
96300 28
96400 28
96500 28
96600 28
96700 25
96800 25
96900 26
97000 26
97100 26
97200 26
97300 26
97400 26
97500 26
97600 27
97700 27
97800 25
97900 25
98000 25
98100 26
98200 21
98300 21
98400 21
98500 21
98600 21
98700 21
98800 21
98900 21
99000 21
99100 21
99200 21
99300 21
99400 21
99500 21
99600 21
99700 21
99800 19
99900 19
100000 13
