100 0
200 0
300 0
400 0
500 0
600 0
700 0
800 0
900 0
1000 1
1100 1
1200 1
1300 1
1400 1
1500 1
1600 1
1700 1
1800 1
1900 1
2000 1
2100 1
2200 2
2300 2
2400 2
2500 2
2600 2
2700 2
2800 2
2900 2
3000 2
3100 2
3200 3
3300 3
3400 3
3500 3
3600 3
3700 4
3800 4
3900 4
4000 4
4100 4
4200 4
4300 4
4400 4
4500 4
4600 4
4700 4
4800 5
4900 5
5000 5
5100 5
5200 6
5300 6
5400 6
5500 6
5600 6
5700 6
5800 7
5900 7
6000 7
6100 7
6200 7
6300 7
6400 7
6500 7
6600 8
6700 8
6800 8
6900 8
7000 8
7100 8
7200 8
7300 8
7400 9
7500 9
7600 9
7700 9
7800 9
7900 9
8000 9
8100 9
8200 10
8300 10
8400 10
8500 10
8600 10
8700 10
8800 10
8900 10
9000 10
9100 10
9200 10
9300 11
9400 11
9500 11
9600 11
9700 11
9800 11
9900 11
10000 11
10100 11
10200 11
10300 11
10400 11
10500 11
10600 12
10700 12
10800 12
10900 12
11000 12
11100 12
11200 12
11300 13
11400 13
11500 13
11600 13
11700 13
11800 13
11900 13
12000 13
12100 13
12200 13
12300 13
12400 13
12500 14
12600 14
12700 14
12800 14
12900 14
13000 14
13100 15
13200 15
13300 15
13400 15
13500 15
13600 15
13700 15
13800 15
13900 15
14000 16
14100 16
14200 16
14300 16
14400 16
14500 16
14600 16
14700 17
14800 16
14900 17
15000 17
15100 17
15200 17
15300 17
15400 17
15500 18
15600 18
15700 18
15800 18
15900 18
16000 18
16100 18
16200 18
16300 18
16400 18
16500 18
16600 18
16700 18
16800 18
16900 18
17000 18
17100 19
17200 18
17300 19
17400 19
17500 19
17600 19
17700 19
17800 19
17900 19
18000 19
18100 19
18200 19
18300 19
18400 20
18500 20
18600 20
18700 20
18800 21
18900 21
19000 21
19100 21
19200 21
19300 21
19400 21
19500 22
19600 22
19700 22
19800 22
19900 22
20000 22
20100 22
20200 22
20300 22
20400 22
20500 22
20600 22
20700 22
20800 22
20900 21
21000 21
21100 21
21200 22
21300 22
21400 23
21500 23
21600 23
21700 22
21800 23
21900 23
22000 23
22100 23
22200 24
22300 23
22400 23
22500 23
22600 23
22700 23
22800 23
22900 23
23000 23
23100 23
23200 23
23300 23
23400 23
23500 23
23600 24
23700 24
23800 24
23900 23
24000 24
24100 24
24200 24
24300 24
24400 24
24500 24
24600 24
24700 24
24800 24
24900 24
25000 24
25100 24
25200 24
25300 24
25400 24
25500 24
25600 25
25700 24
25800 24
25900 25
26000 25
26100 25
26200 24
26300 25
26400 25
26500 25
26600 26
26700 26
26800 26
26900 26
27000 26
27100 26
27200 27
27300 27
27400 27
27500 27
27600 27
27700 27
27800 28
27900 28
28000 28
28100 28
28200 28
28300 28
28400 28
28500 28
28600 29
28700 28
28800 29
28900 29
29000 29
29100 29
29200 30
29300 30
29400 30
29500 30
29600 30
29700 30
29800 30
29900 31
30000 31
30100 31
30200 31
30300 31
30400 31
30500 31
30600 32
30700 32
30800 32
30900 32
31000 32
31100 32
31200 32
31300 33
31400 30
31500 30
31600 30
31700 27
31800 27
31900 27
32000 27
32100 27
32200 27
32300 27
32400 27
32500 27
32600 27
32700 27
32800 27
32900 27
33000 27
33100 28
33200 28
33300 27
33400 27
33500 28
33600 28
33700 28
33800 28
33900 28
34000 27
34100 28
34200 28
34300 28
34400 28
34500 29
34600 29
34700 29
34800 29
34900 29
35000 29
35100 29
35200 29
35300 29
35400 29
35500 30
35600 30
35700 30
35800 30
35900 30
36000 30
36100 30
36200 30
36300 30
36400 31
36500 31
36600 31
36700 31
36800 31
36900 31
37000 31
37100 32
37200 32
37300 31
37400 31
37500 31
37600 31
37700 31
37800 32
37900 32
38000 32
38100 32
38200 32
38300 33
38400 32
38500 32
38600 32
38700 32
38800 32
38900 32
39000 32
39100 32
39200 32
39300 32
39400 31
39500 31
39600 31
39700 32
39800 31
39900 31
40000 31
40100 31
40200 32
40300 32
40400 32
40500 32
40600 32
40700 33
40800 33
40900 33
41000 33
41100 33
41200 32
41300 32
41400 32
41500 32
41600 33
41700 33
41800 33
41900 33
42000 33
42100 33
42200 32
42300 32
42400 33
42500 33
42600 33
42700 33
42800 33
42900 33
43000 33
43100 33
43200 33
43300 33
43400 33
43500 33
43600 33
43700 33
43800 33
43900 33
44000 33
44100 34
44200 33
44300 34
44400 34
44500 33
44600 34
44700 33
44800 33
44900 34
45000 34
45100 34
45200 34
45300 34
45400 34
45500 33
45600 33
45700 33
45800 33
45900 33
46000 33
46100 32
46200 32
46300 33
46400 33
46500 33
46600 33
46700 32
46800 32
46900 32
47000 32
47100 32
47200 32
47300 32
47400 32
47500 32
47600 32
47700 32
47800 32
47900 32
48000 32
48100 33
48200 33
48300 33
48400 33
48500 33
48600 33
48700 33
48800 33
48900 33
49000 33
49100 33
49200 33
49300 33
49400 33
49500 33
49600 33
49700 34
49800 34
49900 33
50000 33
50100 34
50200 34
50300 34
50400 32
50500 32
50600 33
50700 33
50800 33
50900 33
51000 33
51100 33
51200 33
51300 33
51400 33
51500 33
51600 33
51700 33
51800 33
51900 33
52000 33
52100 33
52200 33
52300 33
52400 33
52500 33
52600 34
52700 34
52800 34
52900 34
53000 34
53100 33
53200 28
53300 28
53400 28
53500 29
53600 28
53700 28
53800 28
53900 28
54000 28
54100 29
54200 29
54300 29
54400 30
54500 29
54600 30
54700 29
54800 30
54900 30
55000 30
55100 30
55200 30
55300 30
55400 30
55500 30
55600 30
55700 30
55800 31
55900 31
56000 31
56100 31
56200 32
56300 32
56400 32
56500 33
56600 33
56700 33
56800 33
56900 33
57000 33
57100 33
57200 33
57300 33
57400 33
57500 33
57600 33
57700 33
57800 33
57900 34
58000 34
58100 34
58200 34
58300 34
58400 34
58500 34
58600 34
58700 34
58800 34
58900 34
59000 34
59100 34
59200 34
59300 34
59400 34
59500 34
59600 34
59700 34
59800 35
59900 35
60000 35
60100 35
60200 35
60300 35
60400 36
60500 36
60600 36
60700 37
60800 36
60900 37
61000 37
61100 37
61200 37
61300 37
61400 37
61500 37
61600 37
61700 37
61800 37
61900 37
62000 37
62100 38
62200 37
62300 37
62400 37
62500 38
62600 38
62700 37
62800 38
62900 39
63000 39
63100 39
63200 40
63300 40
63400 40
63500 40
63600 40
63700 40
63800 40
63900 39
64000 40
64100 40
64200 39
64300 39
64400 39
64500 39
64600 39
64700 39
64800 39
64900 39
65000 39
65100 40
65200 40
65300 40
65400 41
65500 41
65600 42
65700 41
65800 42
65900 42
66000 42
66100 41
66200 41
66300 41
66400 41
66500 42
66600 42
66700 42
66800 42
66900 42
67000 42
67100 43
67200 43
67300 43
67400 44
67500 43
67600 43
67700 43
67800 43
67900 43
68000 43
68100 43
68200 44
68300 44
68400 44
68500 44
68600 44
68700 45
68800 45
68900 45
69000 45
69100 45
69200 45
69300 45
69400 45
69500 46
69600 46
69700 47
69800 47
69900 47
70000 47
70100 47
70200 46
70300 47
70400 47
70500 46
70600 47
70700 47
70800 47
70900 46
71000 46
71100 46
71200 46
71300 46
71400 46
71500 46
71600 46
71700 46
71800 46
71900 46
72000 46
72100 47
72200 47
72300 47
72400 47
72500 47
72600 48
72700 46
72800 46
72900 46
73000 47
73100 47
73200 47
73300 46
73400 47
73500 47
73600 47
73700 47
73800 47
73900 47
74000 47
74100 47
74200 47
74300 47
74400 48
74500 48
74600 48
74700 48
74800 48
74900 49
75000 50
75100 49
75200 50
75300 50
75400 50
75500 50
75600 49
75700 49
75800 49
75900 49
76000 50
76100 49
76200 50
76300 50
76400 50
76500 51
76600 51
76700 51
76800 51
76900 51
77000 51
77100 52
77200 50
77300 51
77400 51
77500 51
77600 51
77700 52
77800 52
77900 53
78000 52
78100 53
78200 53
78300 53
78400 53
78500 54
78600 54
78700 53
78800 53
78900 53
79000 53
79100 53
79200 53
79300 53
79400 52
79500 53
79600 53
79700 53
79800 53
79900 53
80000 54
80100 54
80200 53
80300 53
80400 53
80500 53
80600 53
80700 53
80800 53
80900 54
81000 54
81100 54
81200 54
81300 53
81400 54
81500 54
81600 54
81700 53
81800 52
81900 52
82000 51
82100 51
82200 51
82300 52
82400 52
82500 53
82600 52
82700 53
82800 54
82900 52
83000 52
83100 53
83200 53
83300 53
83400 53
83500 52
83600 53
83700 54
83800 54
83900 54
84000 56
84100 56
84200 56
84300 56
84400 55
84500 55
84600 56
84700 56
84800 56
84900 56
85000 56
85100 55
85200 54
85300 55
85400 55
85500 55
85600 55
85700 55
85800 55
85900 56
86000 56
86100 56
86200 56
86300 56
86400 56
86500 55
86600 55
86700 55
86800 55
86900 51
87000 52
87100 52
87200 51
87300 52
87400 53
87500 53
87600 54
87700 54
87800 54
87900 54
88000 54
88100 55
88200 55
88300 54
88400 55
88500 55
88600 55
88700 55
88800 55
88900 54
89000 53
89100 53
89200 54
89300 55
89400 56
89500 56
89600 56
89700 56
89800 56
89900 56
90000 57
90100 57
90200 58
90300 58
90400 57
90500 56
90600 57
90700 56
90800 56
90900 55
91000 55
91100 54
91200 56
91300 55
91400 55
91500 54
91600 54
91700 54
91800 54
91900 54
92000 54
92100 54
92200 54
92300 55
92400 55
92500 56
92600 56
92700 56
92800 56
92900 55
93000 55
93100 55
93200 54
93300 54
93400 55
93500 55
93600 54
93700 55
93800 55
93900 55
94000 55
94100 55
94200 54
94300 55
94400 55
94500 55
94600 55
94700 55
94800 55
94900 55
95000 55
95100 56
95200 56
95300 56
95400 56
95500 56
95600 56
95700 55
95800 56
95900 56
96000 56
96100 55
96200 55
96300 56
96400 55
96500 55
96600 55
96700 55
96800 55
96900 56
97000 55
97100 56
97200 56
97300 57
97400 57
97500 57
97600 57
97700 56
97800 57
97900 57
98000 57
98100 57
98200 57
98300 57
98400 57
98500 57
98600 58
98700 58
98800 59
98900 59
99000 60
99100 60
99200 60
99300 61
99400 61
99500 61
99600 61
99700 61
99800 61
99900 61
100000 62
