100 0
200 0
300 0
400 0
500 0
600 0
700 0
800 0
900 0
1000 0
1100 0
1200 0
1300 1
1400 1
1500 1
1600 1
1700 1
1800 1
1900 1
2000 1
2100 1
2200 1
2300 1
2400 1
2500 1
2600 1
2700 1
2800 1
2900 1
3000 1
3100 1
3200 1
3300 1
3400 1
3500 1
3600 1
3700 1
3800 1
3900 1
4000 1
4100 1
4200 1
4300 1
4400 1
4500 1
4600 1
4700 1
4800 1
4900 1
5000 1
5100 1
5200 1
5300 1
5400 1
5500 1
5600 1
5700 1
5800 1
5900 1
6000 1
6100 1
6200 1
6300 1
6400 1
6500 1
6600 1
6700 1
6800 1
6900 1
7000 1
7100 1
7200 1
7300 2
7400 2
7500 2
7600 2
7700 2
7800 2
7900 2
8000 2
8100 2
8200 2
8300 2
8400 2
8500 2
8600 2
8700 2
8800 2
8900 2
9000 2
9100 2
9200 2
9300 2
9400 2
9500 2
9600 2
9700 2
9800 2
9900 2
10000 2
10100 2
10200 2
10300 2
10400 2
10500 2
10600 2
10700 2
10800 2
10900 2
11000 2
11100 2
11200 2
11300 2
11400 2
11500 2
11600 2
11700 2
11800 2
11900 2
12000 2
12100 2
12200 2
12300 2
12400 2
12500 2
12600 2
12700 2
12800 2
12900 2
13000 2
13100 2
13200 2
13300 2
13400 2
13500 2
13600 2
13700 2
13800 2
13900 2
14000 2
14100 2
14200 2
14300 2
14400 2
14500 2
14600 2
14700 2
14800 3
14900 3
15000 3
15100 3
15200 3
15300 2
15400 2
15500 3
15600 3
15700 3
15800 3
15900 3
16000 3
16100 3
16200 3
16300 2
16400 2
16500 3
16600 3
16700 3
16800 3
16900 3
17000 3
17100 3
17200 2
17300 2
17400 2
17500 2
17600 2
17700 2
17800 2
17900 2
18000 2
18100 2
18200 3
18300 3
18400 3
18500 2
18600 2
18700 2
18800 2
18900 2
19000 2
19100 2
19200 2
19300 2
19400 2
19500 2
19600 2
19700 2
19800 2
19900 2
20000 2
20100 2
20200 2
20300 2
20400 2
20500 3
20600 2
20700 2
20800 2
20900 2
21000 2
21100 2
21200 2
21300 2
21400 2
21500 2
21600 2
21700 2
21800 1
21900 1
22000 1
22100 1
22200 1
22300 1
22400 1
22500 1
22600 1
22700 1
22800 1
22900 1
23000 1
23100 1
23200 1
23300 1
23400 1
23500 1
23600 1
23700 1
23800 1
23900 1
24000 1
24100 1
24200 1
24300 1
24400 1
24500 1
24600 2
24700 2
24800 2
24900 2
25000 2
25100 2
25200 2
25300 2
25400 2
25500 2
25600 2
25700 2
25800 2
25900 1
26000 1
26100 2
26200 2
26300 2
26400 2
26500 2
26600 1
26700 1
26800 1
26900 1
27000 1
27100 1
27200 1
27300 1
27400 1
27500 1
27600 1
27700 1
27800 1
27900 1
28000 2
28100 2
28200 1
28300 1
28400 1
28500 1
28600 1
28700 2
28800 2
28900 2
29000 2
29100 2
29200 1
29300 1
29400 1
29500 1
29600 1
29700 1
29800 1
29900 1
30000 1
30100 1
30200 1
30300 1
30400 1
30500 1
30600 1
30700 1
30800 1
30900 1
31000 1
31100 1
31200 2
31300 2
31400 2
31500 2
31600 2
31700 2
31800 2
31900 2
32000 2
32100 2
32200 2
32300 2
32400 2
32500 2
32600 2
32700 2
32800 2
32900 2
33000 2
33100 2
33200 2
33300 2
33400 2
33500 2
33600 2
33700 2
33800 1
33900 1
34000 1
34100 2
34200 2
34300 2
34400 2
34500 2
34600 2
34700 2
34800 2
34900 2
35000 2
35100 2
35200 2
35300 2
35400 2
35500 2
35600 2
35700 2
35800 2
35900 2
36000 2
36100 2
36200 2
36300 2
36400 2
36500 2
36600 2
36700 2
36800 2
36900 2
37000 2
37100 2
37200 2
37300 2
37400 2
37500 2
37600 2
37700 2
37800 2
37900 2
38000 2
38100 2
38200 2
38300 2
38400 2
38500 2
38600 2
38700 2
38800 2
38900 1
39000 1
39100 1
39200 1
39300 1
39400 1
39500 1
39600 1
39700 1
39800 1
39900 1
40000 1
40100 1
40200 1
40300 1
40400 1
40500 1
40600 1
40700 1
40800 1
40900 1
41000 1
41100 1
41200 1
41300 1
41400 1
41500 1
41600 1
41700 1
41800 1
41900 1
42000 1
42100 1
42200 1
42300 1
42400 2
42500 1
42600 1
42700 1
42800 1
42900 1
43000 1
43100 1
43200 1
43300 1
43400 1
43500 1
43600 1
43700 1
43800 1
43900 1
44000 1
44100 1
44200 1
44300 1
44400 1
44500 1
44600 1
44700 1
44800 1
44900 1
45000 1
45100 1
45200 1
45300 1
45400 1
45500 1
45600 1
45700 1
45800 1
45900 1
46000 2
46100 2
46200 2
46300 2
46400 2
46500 2
46600 2
46700 2
46800 2
46900 2
47000 2
47100 2
47200 2
47300 2
47400 1
47500 1
47600 1
47700 1
47800 1
47900 1
48000 1
48100 1
48200 1
48300 1
48400 1
48500 1
48600 1
48700 1
48800 1
48900 1
49000 1
49100 1
49200 1
49300 1
49400 2
49500 2
49600 2
49700 2
49800 2
49900 2
50000 2
50100 2
50200 2
50300 1
50400 1
50500 1
50600 1
50700 1
50800 1
50900 2
51000 1
51100 1
51200 1
51300 1
51400 1
51500 1
51600 1
51700 1
51800 1
51900 1
52000 1
52100 1
52200 1
52300 1
52400 1
52500 1
52600 1
52700 1
52800 1
52900 1
53000 1
53100 1
53200 1
53300 1
53400 1
53500 1
53600 1
53700 1
53800 1
53900 1
54000 2
54100 2
54200 2
54300 2
54400 1
54500 1
54600 1
54700 1
54800 1
54900 2
55000 1
55100 2
55200 1
55300 2
55400 2
55500 1
55600 1
55700 1
55800 1
55900 1
56000 1
56100 1
56200 1
56300 1
56400 1
56500 1
56600 1
56700 1
56800 1
56900 1
57000 1
57100 1
57200 1
57300 1
57400 1
57500 1
57600 1
57700 1
57800 1
57900 1
58000 1
58100 1
58200 1
58300 1
58400 1
58500 1
58600 1
58700 1
58800 1
58900 1
59000 1
59100 1
59200 1
59300 1
59400 1
59500 1
59600 1
59700 2
59800 2
59900 2
60000 2
60100 2
60200 1
60300 2
60400 2
60500 2
60600 2
60700 2
60800 1
60900 1
61000 1
61100 1
61200 2
61300 2
61400 2
61500 1
61600 1
61700 2
61800 2
61900 1
62000 1
62100 1
62200 1
62300 2
62400 2
62500 2
62600 2
62700 2
62800 2
62900 2
63000 2
63100 2
63200 2
63300 2
63400 2
63500 2
63600 2
63700 2
63800 2
63900 2
64000 2
64100 2
64200 2
64300 2
64400 2
64500 2
64600 2
64700 2
64800 2
64900 2
65000 2
65100 2
65200 2
65300 2
65400 2
65500 2
65600 1
65700 1
65800 1
65900 1
66000 1
66100 1
66200 1
66300 1
66400 1
66500 1
66600 1
66700 1
66800 1
66900 1
67000 1
67100 2
67200 2
67300 2
67400 2
67500 2
67600 2
67700 2
67800 1
67900 2
68000 2
68100 2
68200 2
68300 2
68400 2
68500 1
68600 2
68700 1
68800 1
68900 1
69000 1
69100 2
69200 2
69300 2
69400 2
69500 2
69600 2
69700 2
69800 2
69900 2
70000 1
70100 1
70200 1
70300 1
70400 1
70500 2
70600 2
70700 2
70800 2
70900 1
71000 1
71100 1
71200 1
71300 1
71400 1
71500 1
71600 1
71700 1
71800 1
71900 1
72000 1
72100 1
72200 1
72300 1
72400 1
72500 1
72600 1
72700 1
72800 1
72900 1
73000 1
73100 1
73200 1
73300 1
73400 1
73500 1
73600 1
73700 1
73800 1
73900 1
74000 1
74100 1
74200 1
74300 1
74400 1
74500 1
74600 1
74700 1
74800 1
74900 1
75000 1
75100 1
75200 1
75300 2
75400 1
75500 1
75600 1
75700 1
75800 1
75900 1
76000 1
76100 1
76200 1
76300 1
76400 1
76500 1
76600 1
76700 1
76800 1
76900 1
77000 1
77100 1
77200 1
77300 2
77400 2
77500 2
77600 2
77700 2
77800 1
77900 1
78000 1
78100 1
78200 1
78300 1
78400 1
78500 1
78600 1
78700 1
78800 1
78900 1
79000 1
79100 1
79200 1
79300 1
79400 1
79500 1
79600 1
79700 1
79800 1
79900 1
80000 1
80100 1
80200 1
80300 1
80400 1
80500 1
80600 1
80700 1
80800 1
80900 2
81000 1
81100 1
81200 2
81300 1
81400 1
81500 1
81600 1
81700 1
81800 2
81900 1
82000 1
82100 1
82200 1
82300 1
82400 1
82500 1
82600 1
82700 1
82800 1
82900 2
83000 2
83100 1
83200 1
83300 2
83400 1
83500 1
83600 1
83700 1
83800 1
83900 1
84000 1
84100 1
84200 1
84300 1
84400 1
84500 1
84600 1
84700 1
84800 1
84900 1
85000 1
85100 1
85200 1
85300 1
85400 1
85500 1
85600 1
85700 1
85800 1
85900 1
86000 1
86100 1
86200 1
86300 1
86400 1
86500 1
86600 1
86700 0
86800 0
86900 0
87000 0
87100 1
87200 1
87300 0
87400 0
87500 1
87600 1
87700 1
87800 1
87900 1
88000 1
88100 1
88200 1
88300 1
88400 1
88500 1
88600 1
88700 1
88800 1
88900 1
89000 1
89100 1
89200 1
89300 1
89400 1
89500 1
89600 1
89700 1
89800 1
89900 1
90000 1
90100 1
90200 1
90300 1
90400 1
90500 1
90600 1
90700 1
90800 1
90900 1
91000 1
91100 1
91200 1
91300 1
91400 1
91500 1
91600 1
91700 1
91800 1
91900 1
92000 1
92100 1
92200 1
92300 1
92400 1
92500 1
92600 1
92700 1
92800 1
92900 1
93000 1
93100 2
93200 1
93300 1
93400 1
93500 2
93600 2
93700 2
93800 2
93900 2
94000 2
94100 2
94200 2
94300 1
94400 1
94500 2
94600 1
94700 1
94800 1
94900 1
95000 1
95100 1
95200 1
95300 2
95400 2
95500 2
95600 2
95700 2
95800 2
95900 2
96000 2
96100 2
96200 2
96300 2
96400 2
96500 2
96600 2
96700 2
96800 2
96900 2
97000 2
97100 2
97200 2
97300 2
97400 2
97500 2
97600 2
97700 2
97800 2
97900 2
98000 2
98100 1
98200 1
98300 1
98400 1
98500 1
98600 1
98700 1
98800 2
98900 2
99000 1
99100 1
99200 1
99300 1
99400 1
99500 1
99600 1
99700 1
99800 1
99900 1
100000 1
