100 0
200 0
300 0
400 0
500 0
600 0
700 0
800 0
900 0
1000 0
1100 0
1200 0
1300 0
1400 0
1500 0
1600 0
1700 0
1800 0
1900 0
2000 0
2100 0
2200 0
2300 0
2400 0
2500 0
2600 0
2700 0
2800 0
2900 0
3000 0
3100 0
3200 0
3300 0
3400 0
3500 0
3600 0
3700 0
3800 0
3900 0
4000 0
4100 0
4200 0
4300 0
4400 0
4500 0
4600 0
4700 0
4800 0
4900 0
5000 0
5100 0
5200 0
5300 0
5400 0
5500 0
5600 0
5700 0
5800 0
5900 0
6000 0
6100 0
6200 0
6300 0
6400 0
6500 0
6600 0
6700 0
6800 0
6900 0
7000 0
7100 0
7200 0
7300 0
7400 0
7500 0
7600 0
7700 0
7800 0
7900 0
8000 0
8100 0
8200 0
8300 0
8400 0
8500 1
8600 1
8700 1
8800 1
8900 1
9000 1
9100 1
9200 1
9300 1
9400 1
9500 1
9600 1
9700 1
9800 1
9900 1
10000 1
10100 1
10200 1
10300 1
10400 1
10500 1
10600 1
10700 1
10800 1
10900 1
11000 1
11100 1
11200 1
11300 1
11400 1
11500 1
11600 1
11700 1
11800 1
11900 0
12000 0
12100 0
12200 0
12300 1
12400 1
12500 1
12600 1
12700 1
12800 1
12900 1
13000 1
13100 1
13200 1
13300 1
13400 1
13500 1
13600 1
13700 1
13800 1
13900 1
14000 1
14100 1
14200 1
14300 1
14400 1
14500 1
14600 1
14700 1
14800 1
14900 1
15000 1
15100 1
15200 1
15300 1
15400 1
15500 1
15600 1
15700 1
15800 1
15900 1
16000 1
16100 1
16200 1
16300 1
16400 1
16500 1
16600 1
16700 1
16800 1
16900 1
17000 1
17100 1
17200 1
17300 1
17400 1
17500 1
17600 1
17700 1
17800 1
17900 1
18000 1
18100 1
18200 0
18300 0
18400 0
18500 0
18600 0
18700 0
18800 0
18900 0
19000 0
19100 0
19200 0
19300 0
19400 0
19500 0
19600 0
19700 0
19800 0
19900 0
20000 0
20100 0
20200 0
20300 0
20400 0
20500 0
20600 0
20700 0
20800 0
20900 0
21000 0
21100 0
21200 0
21300 0
21400 0
21500 0
21600 0
21700 0
21800 0
21900 1
22000 1
22100 1
22200 0
22300 0
22400 0
22500 0
22600 0
22700 0
22800 0
22900 0
23000 0
23100 0
23200 1
23300 1
23400 1
23500 1
23600 1
23700 1
23800 1
23900 1
24000 1
24100 1
24200 1
24300 1
24400 1
24500 1
24600 1
24700 1
24800 1
24900 1
25000 1
25100 1
25200 0
25300 1
25400 1
25500 1
25600 1
25700 1
25800 0
25900 1
26000 1
26100 1
26200 1
26300 1
26400 1
26500 1
26600 1
26700 1
26800 1
26900 1
27000 1
27100 1
27200 1
27300 1
27400 1
27500 1
27600 1
27700 1
27800 1
27900 1
28000 1
28100 1
28200 1
28300 1
28400 1
28500 1
28600 1
28700 1
28800 1
28900 1
29000 1
29100 1
29200 1
29300 1
29400 1
29500 1
29600 1
29700 1
29800 1
29900 1
30000 1
30100 1
30200 1
30300 1
30400 1
30500 1
30600 1
30700 1
30800 1
30900 1
31000 1
31100 1
31200 1
31300 1
31400 1
31500 1
31600 1
31700 1
31800 1
31900 1
32000 1
32100 1
32200 1
32300 1
32400 1
32500 1
32600 1
32700 1
32800 1
32900 1
33000 1
33100 1
33200 1
33300 1
33400 1
33500 1
33600 1
33700 1
33800 1
33900 1
34000 1
34100 1
34200 1
34300 1
34400 1
34500 1
34600 1
34700 1
34800 1
34900 1
35000 1
35100 1
35200 1
35300 1
35400 1
35500 1
35600 1
35700 1
35800 1
35900 1
36000 1
36100 1
36200 2
36300 1
36400 1
36500 2
36600 2
36700 1
36800 1
36900 1
37000 1
37100 1
37200 1
37300 1
37400 1
37500 1
37600 1
37700 2
37800 1
37900 1
38000 2
38100 2
38200 1
38300 1
38400 1
38500 1
38600 1
38700 1
38800 1
38900 1
39000 1
39100 1
39200 1
39300 1
39400 1
39500 1
39600 2
39700 2
39800 2
39900 2
40000 2
40100 2
40200 2
40300 2
40400 2
40500 2
40600 2
40700 2
40800 2
40900 2
41000 2
41100 2
41200 2
41300 2
41400 2
41500 2
41600 2
41700 2
41800 2
41900 2
42000 2
42100 2
42200 2
42300 2
42400 2
42500 2
42600 2
42700 2
42800 2
42900 2
43000 2
43100 2
43200 2
43300 2
43400 2
43500 2
43600 2
43700 2
43800 2
43900 2
44000 2
44100 2
44200 2
44300 2
44400 2
44500 2
44600 2
44700 2
44800 2
44900 2
45000 2
45100 2
45200 2
45300 2
45400 2
45500 2
45600 2
45700 2
45800 2
45900 2
46000 2
46100 2
46200 2
46300 2
46400 2
46500 2
46600 2
46700 2
46800 2
46900 2
47000 2
47100 2
47200 2
47300 2
47400 2
47500 2
47600 2
47700 2
47800 2
47900 2
48000 2
48100 2
48200 2
48300 2
48400 2
48500 2
48600 2
48700 2
48800 2
48900 2
49000 2
49100 2
49200 2
49300 2
49400 2
49500 2
49600 2
49700 2
49800 3
49900 3
50000 3
50100 3
50200 3
50300 3
50400 2
50500 2
50600 2
50700 2
50800 2
50900 2
51000 2
51100 2
51200 2
51300 2
51400 2
51500 2
51600 2
51700 2
51800 2
51900 2
52000 2
52100 2
52200 2
52300 2
52400 2
52500 2
52600 1
52700 1
52800 1
52900 1
53000 1
53100 1
53200 1
53300 1
53400 1
53500 2
53600 2
53700 2
53800 2
53900 2
54000 2
54100 2
54200 2
54300 2
54400 2
54500 2
54600 2
54700 2
54800 2
54900 2
55000 2
55100 2
55200 2
55300 2
55400 2
55500 2
55600 2
55700 2
55800 2
55900 2
56000 2
56100 2
56200 2
56300 2
56400 2
56500 2
56600 2
56700 2
56800 2
56900 2
57000 2
57100 2
57200 2
57300 2
57400 2
57500 2
57600 2
57700 2
57800 2
57900 2
58000 2
58100 2
58200 2
58300 2
58400 2
58500 2
58600 2
58700 2
58800 2
58900 2
59000 2
59100 2
59200 2
59300 2
59400 2
59500 2
59600 2
59700 2
59800 2
59900 2
60000 2
60100 2
60200 2
60300 3
60400 3
60500 3
60600 3
60700 3
60800 3
60900 3
61000 3
61100 3
61200 2
61300 2
61400 3
61500 3
61600 3
61700 3
61800 3
61900 3
62000 2
62100 2
62200 2
62300 2
62400 3
62500 3
62600 3
62700 3
62800 3
62900 3
63000 3
63100 3
63200 3
63300 3
63400 3
63500 3
63600 3
63700 3
63800 3
63900 3
64000 3
64100 3
64200 3
64300 3
64400 3
64500 3
64600 3
64700 3
64800 3
64900 3
65000 3
65100 3
65200 3
65300 3
65400 3
65500 3
65600 3
65700 3
65800 3
65900 3
66000 3
66100 3
66200 3
66300 3
66400 3
66500 3
66600 3
66700 3
66800 3
66900 3
67000 3
67100 3
67200 3
67300 3
67400 3
67500 3
67600 3
67700 3
67800 4
67900 3
68000 3
68100 4
68200 4
68300 4
68400 4
68500 3
68600 4
68700 4
68800 4
68900 4
69000 4
69100 4
69200 4
69300 4
69400 4
69500 4
69600 4
69700 4
69800 4
69900 4
70000 4
70100 4
70200 4
70300 4
70400 4
70500 4
70600 3
70700 4
70800 4
70900 4
71000 4
71100 4
71200 4
71300 4
71400 4
71500 4
71600 4
71700 4
71800 4
71900 3
72000 4
72100 4
72200 4
72300 4
72400 4
72500 3
72600 3
72700 3
72800 3
72900 3
73000 3
73100 3
73200 3
73300 3
73400 3
73500 3
73600 3
73700 2
73800 2
73900 2
74000 2
74100 2
74200 2
74300 2
74400 2
74500 2
74600 2
74700 2
74800 2
74900 2
75000 2
75100 2
75200 2
75300 2
75400 2
75500 2
75600 2
75700 2
75800 2
75900 2
76000 2
76100 2
76200 2
76300 2
76400 2
76500 2
76600 2
76700 2
76800 3
76900 3
77000 3
77100 3
77200 3
77300 3
77400 3
77500 3
77600 3
77700 3
77800 3
77900 3
78000 3
78100 3
78200 3
78300 3
78400 3
78500 3
78600 3
78700 3
78800 3
78900 3
79000 3
79100 3
79200 3
79300 3
79400 3
79500 3
79600 3
79700 3
79800 3
79900 3
80000 3
80100 3
80200 3
80300 3
80400 3
80500 3
80600 3
80700 3
80800 3
80900 3
81000 3
81100 3
81200 3
81300 3
81400 3
81500 3
81600 3
81700 3
81800 2
81900 2
82000 2
82100 2
82200 2
82300 2
82400 2
82500 2
82600 2
82700 2
82800 3
82900 2
83000 3
83100 2
83200 2
83300 3
83400 2
83500 3
83600 2
83700 3
83800 2
83900 2
84000 3
84100 3
84200 3
84300 3
84400 3
84500 3
84600 3
84700 3
84800 3
84900 3
85000 3
85100 3
85200 3
85300 3
85400 3
85500 3
85600 3
85700 3
85800 3
85900 3
86000 3
86100 3
86200 3
86300 3
86400 3
86500 3
86600 3
86700 3
86800 3
86900 3
87000 3
87100 3
87200 3
87300 3
87400 3
87500 3
87600 3
87700 3
87800 3
87900 3
88000 3
88100 3
88200 3
88300 3
88400 3
88500 3
88600 3
88700 4
88800 3
88900 3
89000 3
89100 4
89200 4
89300 4
89400 4
89500 4
89600 3
89700 3
89800 3
89900 3
90000 3
90100 3
90200 3
90300 3
90400 3
90500 3
90600 3
90700 3
90800 3
90900 3
91000 3
91100 3
91200 3
91300 3
91400 3
91500 3
91600 3
91700 3
91800 3
91900 4
92000 4
92100 4
92200 3
92300 3
92400 3
92500 3
92600 3
92700 3
92800 3
92900 3
93000 3
93100 3
93200 3
93300 3
93400 3
93500 3
93600 3
93700 3
93800 3
93900 3
94000 3
94100 3
94200 3
94300 3
94400 3
94500 3
94600 3
94700 3
94800 3
94900 3
95000 3
95100 3
95200 3
95300 3
95400 3
95500 3
95600 3
95700 3
95800 3
95900 3
96000 3
96100 3
96200 3
96300 3
96400 3
96500 3
96600 4
96700 3
96800 4
96900 4
97000 4
97100 4
97200 4
97300 4
97400 3
97500 3
97600 4
97700 4
97800 4
97900 4
98000 4
98100 4
98200 4
98300 4
98400 4
98500 4
98600 4
98700 4
98800 4
98900 4
99000 4
99100 4
99200 4
99300 4
99400 3
99500 4
99600 4
99700 4
99800 4
99900 4
100000 4
