100 0
200 0
300 0
400 0
500 0
600 0
700 0
800 0
900 0
1000 0
1100 0
1200 1
1300 1
1400 1
1500 1
1600 1
1700 1
1800 1
1900 1
2000 1
2100 1
2200 1
2300 1
2400 1
2500 1
2600 2
2700 2
2800 2
2900 2
3000 2
3100 2
3200 2
3300 2
3400 2
3500 2
3600 2
3700 2
3800 2
3900 2
4000 2
4100 2
4200 2
4300 2
4400 3
4500 3
4600 3
4700 3
4800 3
4900 3
5000 3
5100 3
5200 3
5300 3
5400 3
5500 3
5600 3
5700 3
5800 3
5900 3
6000 3
6100 3
6200 3
6300 3
6400 3
6500 3
6600 4
6700 4
6800 4
6900 4
7000 4
7100 4
7200 4
7300 4
7400 4
7500 4
7600 4
7700 4
7800 4
7900 5
8000 5
8100 5
8200 5
8300 5
8400 5
8500 5
8600 5
8700 5
8800 5
8900 5
9000 5
9100 6
9200 6
9300 6
9400 6
9500 6
9600 6
9700 6
9800 5
9900 5
10000 5
10100 5
10200 5
10300 5
10400 5
10500 5
10600 5
10700 5
10800 5
10900 6
11000 6
11100 6
11200 6
11300 6
11400 6
11500 6
11600 6
11700 6
11800 6
11900 6
12000 6
12100 6
12200 6
12300 7
12400 7
12500 7
12600 7
12700 7
12800 7
12900 7
13000 7
13100 7
13200 7
13300 7
13400 7
13500 7
13600 7
13700 7
13800 7
13900 7
14000 7
14100 7
14200 8
14300 8
14400 8
14500 8
14600 8
14700 8
14800 8
14900 8
15000 8
15100 8
15200 8
15300 8
15400 8
15500 8
15600 8
15700 8
15800 8
15900 9
16000 9
16100 9
16200 9
16300 9
16400 9
16500 9
16600 9
16700 10
16800 9
16900 9
17000 10
17100 9
17200 10
17300 10
17400 10
17500 10
17600 10
17700 11
17800 11
17900 11
18000 11
18100 11
18200 11
18300 11
18400 11
18500 11
18600 11
18700 11
18800 12
18900 12
19000 12
19100 12
19200 12
19300 12
19400 12
19500 12
19600 12
19700 12
19800 12
19900 12
20000 12
20100 12
20200 12
20300 12
20400 12
20500 13
20600 13
20700 13
20800 13
20900 13
21000 13
21100 13
21200 14
21300 14
21400 14
21500 14
21600 14
21700 14
21800 14
21900 14
22000 14
22100 15
22200 15
22300 15
22400 15
22500 15
22600 15
22700 15
22800 15
22900 15
23000 15
23100 14
23200 14
23300 14
23400 14
23500 14
23600 14
23700 14
23800 14
23900 13
24000 14
24100 14
24200 15
24300 16
24400 15
24500 15
24600 15
24700 15
24800 15
24900 15
25000 16
25100 16
25200 15
25300 16
25400 16
25500 16
25600 16
25700 15
25800 15
25900 15
26000 15
26100 15
26200 15
26300 16
26400 16
26500 16
26600 16
26700 15
26800 16
26900 15
27000 15
27100 15
27200 16
27300 16
27400 16
27500 15
27600 16
27700 16
27800 16
27900 16
28000 16
28100 16
28200 16
28300 16
28400 16
28500 17
28600 17
28700 17
28800 17
28900 17
29000 17
29100 17
29200 17
29300 18
29400 18
29500 18
29600 18
29700 19
29800 19
29900 19
30000 19
30100 20
30200 20
30300 20
30400 20
30500 20
30600 20
30700 20
30800 20
30900 20
31000 20
31100 20
31200 21
31300 20
31400 20
31500 20
31600 20
31700 20
31800 20
31900 20
32000 20
32100 20
32200 20
32300 20
32400 20
32500 20
32600 20
32700 20
32800 20
32900 20
33000 20
33100 20
33200 20
33300 20
33400 20
33500 20
33600 20
33700 20
33800 20
33900 20
34000 20
34100 21
34200 21
34300 21
34400 21
34500 21
34600 21
34700 21
34800 21
34900 21
35000 21
35100 21
35200 21
35300 21
35400 21
35500 21
35600 21
35700 21
35800 21
35900 21
36000 21
36100 21
36200 21
36300 21
36400 21
36500 22
36600 22
36700 22
36800 22
36900 22
37000 22
37100 23
37200 23
37300 23
37400 23
37500 23
37600 23
37700 24
37800 24
37900 24
38000 24
38100 25
38200 25
38300 25
38400 25
38500 25
38600 25
38700 25
38800 25
38900 25
39000 25
39100 25
39200 25
39300 25
39400 25
39500 25
39600 25
39700 25
39800 25
39900 25
40000 25
40100 25
40200 25
40300 25
40400 25
40500 25
40600 26
40700 26
40800 26
40900 26
41000 26
41100 26
41200 26
41300 26
41400 26
41500 26
41600 26
41700 26
41800 26
41900 26
42000 27
42100 27
42200 27
42300 27
42400 27
42500 27
42600 28
42700 28
42800 28
42900 28
43000 28
43100 28
43200 28
43300 28
43400 28
43500 28
43600 28
43700 28
43800 28
43900 28
44000 28
44100 28
44200 29
44300 29
44400 29
44500 29
44600 29
44700 30
44800 30
44900 30
45000 30
45100 30
45200 30
45300 30
45400 30
45500 30
45600 30
45700 30
45800 30
45900 30
46000 30
46100 30
46200 30
46300 30
46400 30
46500 30
46600 30
46700 31
46800 30
46900 31
47000 31
47100 31
47200 31
47300 31
47400 31
47500 31
47600 31
47700 32
47800 32
47900 32
48000 32
48100 32
48200 32
48300 32
48400 32
48500 32
48600 33
48700 33
48800 33
48900 33
49000 33
49100 33
49200 33
49300 33
49400 33
49500 34
49600 34
49700 34
49800 34
49900 35
50000 35
50100 35
50200 35
50300 35
50400 35
50500 36
50600 36
50700 36
50800 36
50900 36
51000 36
51100 36
51200 37
51300 37
51400 37
51500 37
51600 37
51700 37
51800 37
51900 37
52000 37
52100 37
52200 37
52300 37
52400 37
52500 37
52600 37
52700 36
52800 36
52900 37
53000 37
53100 37
53200 37
53300 37
53400 38
53500 38
53600 38
53700 38
53800 38
53900 38
54000 38
54100 38
54200 39
54300 38
54400 39
54500 39
54600 39
54700 39
54800 39
54900 40
55000 39
55100 39
55200 39
55300 39
55400 38
55500 38
55600 39
55700 39
55800 39
55900 38
56000 38
56100 38
56200 38
56300 38
56400 39
56500 39
56600 39
56700 39
56800 39
56900 38
57000 38
57100 38
57200 38
57300 38
57400 38
57500 38
57600 38
57700 38
57800 38
57900 38
58000 38
58100 39
58200 38
58300 38
58400 38
58500 38
58600 38
58700 39
58800 39
58900 39
59000 39
59100 40
59200 40
59300 39
59400 40
59500 39
59600 40
59700 40
59800 40
59900 40
60000 40
60100 40
60200 40
60300 40
60400 40
60500 40
60600 40
60700 40
60800 40
60900 40
61000 41
61100 41
61200 41
61300 41
61400 41
61500 41
61600 41
61700 41
61800 41
61900 41
62000 41
62100 42
62200 42
62300 42
62400 42
62500 42
62600 43
62700 42
62800 42
62900 42
63000 42
63100 43
63200 43
63300 43
63400 43
63500 43
63600 44
63700 44
63800 44
63900 44
64000 44
64100 44
64200 44
64300 45
64400 45
64500 45
64600 45
64700 46
64800 46
64900 46
65000 45
65100 45
65200 45
65300 45
65400 46
65500 46
65600 46
65700 47
65800 47
65900 47
66000 47
66100 47
66200 47
66300 47
66400 47
66500 47
66600 47
66700 47
66800 47
66900 47
67000 47
67100 47
67200 47
67300 47
67400 46
67500 46
67600 46
67700 46
67800 46
67900 45
68000 46
68100 45
68200 45
68300 45
68400 45
68500 45
68600 45
68700 45
68800 45
68900 46
69000 46
69100 46
69200 46
69300 46
69400 46
69500 46
69600 46
69700 46
69800 46
69900 46
70000 46
70100 46
70200 46
70300 46
70400 45
70500 45
70600 46
70700 46
70800 46
70900 46
71000 46
71100 46
71200 46
71300 45
71400 46
71500 46
71600 46
71700 46
71800 46
71900 46
72000 47
72100 47
72200 47
72300 47
72400 47
72500 47
72600 47
72700 47
72800 47
72900 47
73000 47
73100 47
73200 47
73300 47
73400 47
73500 47
73600 47
73700 47
73800 47
73900 48
74000 48
74100 48
74200 48
74300 48
74400 48
74500 49
74600 49
74700 49
74800 49
74900 49
75000 49
75100 49
75200 49
75300 49
75400 48
75500 49
75600 49
75700 49
75800 49
75900 49
76000 50
76100 49
76200 49
76300 49
76400 49
76500 49
76600 49
76700 49
76800 49
76900 49
77000 50
77100 50
77200 49
77300 49
77400 50
77500 50
77600 50
77700 50
77800 50
77900 50
78000 50
78100 51
78200 51
78300 51
78400 51
78500 50
78600 50
78700 50
78800 51
78900 51
79000 51
79100 51
79200 51
79300 51
79400 52
79500 52
79600 52
79700 52
79800 52
79900 52
80000 52
80100 52
80200 52
80300 52
80400 52
80500 52
80600 52
80700 52
80800 52
80900 52
81000 52
81100 52
81200 51
81300 51
81400 52
81500 52
81600 52
81700 52
81800 52
81900 52
82000 52
82100 52
82200 52
82300 52
82400 52
82500 52
82600 53
82700 53
82800 53
82900 53
83000 53
83100 53
83200 53
83300 53
83400 53
83500 53
83600 52
83700 52
83800 53
83900 52
84000 52
84100 52
84200 52
84300 52
84400 52
84500 52
84600 53
84700 52
84800 52
84900 52
85000 52
85100 52
85200 52
85300 52
85400 52
85500 52
85600 53
85700 53
85800 53
85900 52
86000 52
86100 52
86200 53
86300 53
86400 53
86500 53
86600 53
86700 53
86800 53
86900 53
87000 53
87100 53
87200 53
87300 53
87400 53
87500 53
87600 54
87700 54
87800 54
87900 53
88000 53
88100 54
88200 54
88300 54
88400 55
88500 55
88600 55
88700 55
88800 55
88900 55
89000 56
89100 55
89200 56
89300 56
89400 56
89500 56
89600 56
89700 56
89800 56
89900 57
90000 57
90100 57
90200 57
90300 57
90400 57
90500 57
90600 57
90700 58
90800 57
90900 58
91000 58
91100 57
91200 57
91300 57
91400 57
91500 57
91600 57
91700 57
91800 57
91900 58
92000 58
92100 58
92200 58
92300 58
92400 58
92500 58
92600 58
92700 58
92800 59
92900 59
93000 59
93100 58
93200 58
93300 58
93400 58
93500 58
93600 58
93700 58
93800 58
93900 58
94000 58
94100 58
94200 58
94300 58
94400 58
94500 58
94600 59
94700 59
94800 59
94900 59
95000 58
95100 59
95200 59
95300 59
95400 59
95500 59
95600 59
95700 59
95800 60
95900 60
96000 60
96100 60
96200 60
96300 60
96400 60
96500 60
96600 60
96700 61
96800 61
96900 61
97000 61
97100 61
97200 61
97300 61
97400 61
97500 61
97600 61
97700 62
97800 62
97900 62
98000 62
98100 61
98200 62
98300 62
98400 62
98500 62
98600 62
98700 62
98800 62
98900 63
99000 63
99100 63
99200 63
99300 63
99400 63
99500 63
99600 63
99700 63
99800 63
99900 63
100000 64
