100 0
200 0
300 0
400 0
500 0
600 0
700 0
800 0
900 0
1000 0
1100 0
1200 0
1300 0
1400 0
1500 1
1600 1
1700 1
1800 1
1900 1
2000 1
2100 1
2200 1
2300 1
2400 1
2500 1
2600 1
2700 1
2800 1
2900 1
3000 1
3100 1
3200 1
3300 2
3400 2
3500 2
3600 2
3700 2
3800 2
3900 2
4000 2
4100 2
4200 2
4300 2
4400 2
4500 2
4600 2
4700 2
4800 2
4900 2
5000 3
5100 3
5200 3
5300 3
5400 3
5500 2
5600 3
5700 3
5800 2
5900 2
6000 2
6100 2
6200 2
6300 3
6400 3
6500 3
6600 3
6700 3
6800 3
6900 3
7000 2
7100 2
7200 2
7300 2
7400 2
7500 2
7600 2
7700 2
7800 2
7900 2
8000 2
8100 2
8200 2
8300 2
8400 2
8500 2
8600 2
8700 2
8800 2
8900 2
9000 2
9100 2
9200 2
9300 2
9400 2
9500 2
9600 2
9700 2
9800 2
9900 2
10000 2
10100 2
10200 2
10300 2
10400 2
10500 3
10600 3
10700 3
10800 3
10900 3
11000 3
11100 3
11200 3
11300 3
11400 3
11500 3
11600 3
11700 3
11800 3
11900 3
12000 3
12100 3
12200 3
12300 3
12400 3
12500 3
12600 3
12700 3
12800 3
12900 3
13000 3
13100 3
13200 4
13300 4
13400 4
13500 4
13600 4
13700 4
13800 4
13900 4
14000 4
14100 4
14200 4
14300 3
14400 3
14500 4
14600 4
14700 4
14800 4
14900 4
15000 4
15100 4
15200 4
15300 4
15400 4
15500 4
15600 4
15700 4
15800 4
15900 5
16000 5
16100 5
16200 4
16300 4
16400 4
16500 4
16600 4
16700 4
16800 4
16900 4
17000 4
17100 4
17200 4
17300 4
17400 4
17500 4
17600 4
17700 4
17800 4
17900 4
18000 4
18100 4
18200 4
18300 4
18400 4
18500 4
18600 4
18700 4
18800 4
18900 4
19000 4
19100 4
19200 4
19300 4
19400 4
19500 4
19600 4
19700 4
19800 4
19900 4
20000 4
20100 4
20200 4
20300 4
20400 4
20500 4
20600 4
20700 4
20800 4
20900 4
21000 4
21100 4
21200 4
21300 4
21400 4
21500 4
21600 4
21700 4
21800 4
21900 4
22000 4
22100 5
22200 5
22300 5
22400 5
22500 5
22600 5
22700 5
22800 4
22900 4
23000 4
23100 5
23200 4
23300 4
23400 5
23500 5
23600 5
23700 5
23800 4
23900 4
24000 4
24100 4
24200 4
24300 4
24400 5
24500 4
24600 5
24700 5
24800 5
24900 5
25000 5
25100 5
25200 5
25300 5
25400 5
25500 5
25600 5
25700 5
25800 5
25900 5
26000 5
26100 5
26200 5
26300 5
26400 5
26500 5
26600 5
26700 5
26800 5
26900 5
27000 5
27100 5
27200 5
27300 5
27400 5
27500 5
27600 5
27700 5
27800 5
27900 5
28000 5
28100 5
28200 6
28300 6
28400 6
28500 6
28600 6
28700 6
28800 6
28900 6
29000 6
29100 6
29200 5
29300 5
29400 5
29500 5
29600 5
29700 5
29800 5
29900 5
30000 5
30100 5
30200 5
30300 5
30400 5
30500 5
30600 5
30700 5
30800 5
30900 5
31000 6
31100 5
31200 5
31300 5
31400 5
31500 5
31600 5
31700 5
31800 5
31900 5
32000 5
32100 5
32200 5
32300 5
32400 5
32500 5
32600 5
32700 5
32800 5
32900 6
33000 5
33100 5
33200 5
33300 5
33400 5
33500 5
33600 5
33700 5
33800 5
33900 5
34000 5
34100 5
34200 5
34300 5
34400 5
34500 5
34600 5
34700 5
34800 5
34900 5
35000 5
35100 5
35200 5
35300 5
35400 5
35500 5
35600 5
35700 5
35800 5
35900 5
36000 5
36100 5
36200 5
36300 5
36400 5
36500 5
36600 5
36700 5
36800 5
36900 5
37000 5
37100 6
37200 5
37300 5
37400 5
37500 5
37600 5
37700 5
37800 5
37900 5
38000 5
38100 5
38200 5
38300 5
38400 5
38500 5
38600 5
38700 5
38800 5
38900 6
39000 5
39100 5
39200 5
39300 5
39400 5
39500 5
39600 5
39700 5
39800 5
39900 5
40000 5
40100 5
40200 5
40300 5
40400 5
40500 5
40600 5
40700 5
40800 5
40900 5
41000 5
41100 5
41200 5
41300 6
41400 6
41500 6
41600 6
41700 6
41800 6
41900 6
42000 5
42100 6
42200 5
42300 6
42400 6
42500 6
42600 6
42700 6
42800 5
42900 5
43000 5
43100 5
43200 6
43300 6
43400 6
43500 6
43600 6
43700 6
43800 6
43900 5
44000 5
44100 6
44200 5
44300 5
44400 5
44500 5
44600 5
44700 5
44800 5
44900 5
45000 5
45100 5
45200 5
45300 5
45400 5
45500 5
45600 5
45700 5
45800 5
45900 5
46000 5
46100 5
46200 5
46300 5
46400 6
46500 6
46600 6
46700 6
46800 6
46900 5
47000 5
47100 6
47200 6
47300 5
47400 6
47500 6
47600 6
47700 6
47800 6
47900 6
48000 6
48100 6
48200 6
48300 6
48400 6
48500 6
48600 6
48700 6
48800 6
48900 6
49000 6
49100 6
49200 6
49300 6
49400 6
49500 6
49600 7
49700 7
49800 6
49900 6
50000 6
50100 6
50200 6
50300 6
50400 6
50500 6
50600 6
50700 6
50800 6
50900 6
51000 6
51100 6
51200 6
51300 6
51400 6
51500 6
51600 6
51700 7
51800 6
51900 6
52000 7
52100 7
52200 7
52300 7
52400 7
52500 7
52600 7
52700 7
52800 7
52900 7
53000 7
53100 7
53200 7
53300 7
53400 7
53500 7
53600 7
53700 7
53800 7
53900 7
54000 7
54100 7
54200 7
54300 7
54400 7
54500 7
54600 7
54700 7
54800 7
54900 7
55000 7
55100 7
55200 7
55300 7
55400 7
55500 7
55600 7
55700 7
55800 7
55900 7
56000 7
56100 7
56200 8
56300 8
56400 8
56500 8
56600 8
56700 7
56800 8
56900 8
57000 8
57100 7
57200 7
57300 7
57400 7
57500 7
57600 7
57700 7
57800 8
57900 8
58000 8
58100 8
58200 7
58300 7
58400 7
58500 7
58600 7
58700 7
58800 7
58900 7
59000 7
59100 7
59200 7
59300 7
59400 7
59500 7
59600 7
59700 7
59800 7
59900 7
60000 7
60100 7
60200 7
60300 7
60400 8
60500 8
60600 8
60700 8
60800 8
60900 8
61000 8
61100 8
61200 8
61300 8
61400 8
61500 8
61600 8
61700 8
61800 8
61900 8
62000 8
62100 8
62200 8
62300 8
62400 8
62500 8
62600 8
62700 8
62800 8
62900 8
63000 8
63100 8
63200 8
63300 8
63400 8
63500 8
63600 8
63700 8
63800 8
63900 8
64000 8
64100 8
64200 8
64300 8
64400 8
64500 8
64600 8
64700 8
64800 8
64900 8
65000 8
65100 8
65200 8
65300 7
65400 8
65500 8
65600 7
65700 7
65800 7
65900 7
66000 7
66100 7
66200 7
66300 7
66400 7
66500 7
66600 7
66700 7
66800 7
66900 7
67000 7
67100 7
67200 7
67300 7
67400 7
67500 7
67600 8
67700 8
67800 8
67900 8
68000 8
68100 8
68200 7
68300 8
68400 8
68500 8
68600 8
68700 7
68800 8
68900 8
69000 8
69100 8
69200 8
69300 8
69400 8
69500 8
69600 8
69700 8
69800 8
69900 8
70000 8
70100 8
70200 8
70300 8
70400 8
70500 8
70600 8
70700 8
70800 8
70900 8
71000 8
71100 8
71200 8
71300 8
71400 8
71500 8
71600 8
71700 8
71800 8
71900 8
72000 8
72100 8
72200 8
72300 8
72400 8
72500 8
72600 8
72700 8
72800 8
72900 8
73000 8
73100 8
73200 8
73300 8
73400 8
73500 8
73600 8
73700 8
73800 8
73900 8
74000 8
74100 8
74200 8
74300 8
74400 8
74500 8
74600 8
74700 8
74800 8
74900 8
75000 8
75100 8
75200 8
75300 8
75400 8
75500 8
75600 8
75700 8
75800 9
75900 8
76000 8
76100 8
76200 8
76300 8
76400 8
76500 8
76600 8
76700 8
76800 8
76900 8
77000 8
77100 8
77200 8
77300 8
77400 8
77500 8
77600 8
77700 8
77800 8
77900 8
78000 8
78100 9
78200 8
78300 9
78400 8
78500 8
78600 9
78700 9
78800 9
78900 9
79000 9
79100 9
79200 9
79300 9
79400 9
79500 9
79600 9
79700 9
79800 9
79900 9
80000 9
80100 9
80200 9
80300 9
80400 9
80500 9
80600 9
80700 9
80800 9
80900 9
81000 9
81100 9
81200 9
81300 9
81400 9
81500 9
81600 9
81700 9
81800 8
81900 9
82000 9
82100 9
82200 9
82300 9
82400 9
82500 9
82600 8
82700 8
82800 8
82900 8
83000 8
83100 8
83200 8
83300 8
83400 8
83500 8
83600 8
83700 8
83800 8
83900 8
84000 8
84100 8
84200 8
84300 8
84400 8
84500 9
84600 9
84700 9
84800 9
84900 9
85000 9
85100 9
85200 9
85300 9
85400 9
85500 9
85600 9
85700 9
85800 9
85900 9
86000 9
86100 10
86200 10
86300 10
86400 10
86500 10
86600 10
86700 10
86800 10
86900 10
87000 10
87100 10
87200 10
87300 10
87400 10
87500 10
87600 10
87700 10
87800 10
87900 10
88000 10
88100 10
88200 10
88300 10
88400 10
88500 10
88600 10
88700 10
88800 10
88900 10
89000 10
89100 10
89200 10
89300 10
89400 10
89500 10
89600 10
89700 10
89800 10
89900 10
90000 10
90100 10
90200 10
90300 10
90400 10
90500 9
90600 9
90700 10
90800 10
90900 9
91000 10
91100 10
91200 10
91300 10
91400 10
91500 10
91600 10
91700 10
91800 10
91900 10
92000 10
92100 10
92200 10
92300 10
92400 10
92500 10
92600 10
92700 10
92800 10
92900 10
93000 10
93100 10
93200 10
93300 10
93400 10
93500 10
93600 10
93700 10
93800 10
93900 10
94000 10
94100 10
94200 10
94300 10
94400 10
94500 10
94600 10
94700 10
94800 10
94900 10
95000 10
95100 10
95200 10
95300 10
95400 10
95500 10
95600 10
95700 9
95800 10
95900 10
96000 10
96100 10
96200 10
96300 10
96400 10
96500 10
96600 10
96700 10
96800 10
96900 10
97000 10
97100 11
97200 11
97300 11
97400 11
97500 11
97600 11
97700 11
97800 11
97900 11
98000 11
98100 11
98200 11
98300 11
98400 11
98500 11
98600 11
98700 11
98800 11
98900 11
99000 11
99100 11
99200 11
99300 11
99400 11
99500 11
99600 11
99700 11
99800 11
99900 11
100000 11
