# Avida Average Data
# Mon Feb 18 18:04:36 2019
#  1: Update
#  2: Merit
#  3: Gestation Time
#  4: Fitness
#  5: Repro Rate?
#  6: (deprecated) Size
#  7: Copied Size
#  8: Executed Size
#  9: (deprecated) Abundance
# 10: Proportion of organisms that gave birth in this update
# 11: Proportion of Breed True Organisms
# 12: (deprecated) Genotype Depth
# 13: Generation
# 14: Neutral Metric
# 15: Lineage Label
# 16: True Replication Rate (based on births/update, time-averaged)

0 97 389 0 0 0 100 97 0 1 1 0 0 0 0 0 
100 96.72 387.8 0.24939 0 0 100.08 96.72 0 0.04 0 0 6.92 4.42254 0 0 
200 89.64 383.72 0.233108 0 0 98.8 89.64 0 0 0 0 14.76 0.696729 0 0 
300 93.48 378.92 0.246527 0 0 99.64 93.48 0 0.12 0 0 23.08 -0.0325999 0 0 
400 94.12 383.8 0.243982 0 0 99.32 94.12 0 0.08 0.04 0 31.56 -1.49378 0 0 
500 93.08 380.96 0.243674 0 0 98.28 93.08 0 0.08 0.04 0 39.64 3.95442 0 0.154259 
600 95.16 382 0.249065 0 0 100.2 95.2 0 0.08 0.04 0 47.64 5.10342 0 0.156206 
700 95.68 381.76 0.250611 0 0 100.28 95.68 0 0.16 0.08 0 55.36 2.85143 0 0.155678 
800 87.36 363.32 0.237916 0 0 93.52 87.36 0 0.12 0.04 0 63.6 7.44628 0 0.158355 
900 89.24 363.56 0.243174 0 0 97.64 89.24 0 0.04 0.04 0 72.08 6.75122 0 0.158377 
1000 94.44 375.8 0.251344 0 0 99.64 94.44 0 0 0 0 80.4 8.9674 0 0.158131 
1100 105.08 430 0.245798 0 0 109.72 105.08 0 0.12 0 0 88.12 8.34734 0 0.155505 
1200 112.36 455.36 0.246781 0 0 118.12 112.6 0 0.04 0 0 95.04 6.1314 0 0.156453 
1300 111.32 442.64 0.253314 0 0 116.56 111.32 0 0 0 0 101.8 12.8976 0 0.152731 
1400 93.88 370.24 0.252706 0 0 97.24 94.12 0 0.08 0 0 109.76 17.778 0 0.151617 
1500 89.32 358.88 0.246602 0 0 95 89.32 0 0.04 0.04 0 118 16.6266 0 0.149314 
1600 92.6 368.64 0.251209 0 0 96.8 92.6 0 0 0 0 127 16.7026 0 0.148936 
1700 94.4 372.16 0.254263 0 0 98.84 94.4 0 0.08 0.08 0 135.6 12.5775 0 0.150394 
1800 92.64 366.56 0.252024 0 0 96.96 92.64 0 0 0 0 143.48 12.7767 0 0.153836 
1900 94.16 367.12 0.256459 0 0 98.92 94.16 0 0.04 0.04 0 151.8 12.1444 0 0.157607 
2000 95.24 365.08 0.260891 0 0 99.36 95.24 0 0.12 0.04 0 161.04 18.0058 0 0.164023 
2100 93.2 357.84 0.259686 0 0 96.36 93.2 0 0.12 0.04 0 169.72 22.6284 0 0.163558 
2200 94.96 360.32 0.263613 0 0 98.28 94.96 0 0.08 0.04 0 178.44 23.8711 0 0.165973 
2300 92.92 358.12 0.259516 0 0 98.72 93 0 0 0 0 186.84 24.1384 0 0.165022 
2400 93.96 358.56 0.26205 0 0 98.6 93.96 0 0.08 0.04 0 195.6 23.2169 0 0.164713 
2500 94.36 394.64 0.247781 0 0 103.36 101.16 0 0.04 0 0 203.48 24.0884 0 0.159154 
2600 90.4 354.72 0.254867 0 0 96.52 90.4 0 0 0 0 212.2 24.6022 0 0.163799 
2700 92.24 358.08 0.257661 0 0 99.68 92.24 0 0.16 0.08 0 220.48 34.0831 0 0.161946 
2800 92.4 354.4 0.260749 0 0 98.76 92.4 0 0 0 0 229.4 27.4519 0 0.162747 
2900 93.2 358.28 0.260142 0 0 99.08 93.2 0 0.04 0 0 238.12 26.347 0 0.163413 
3000 92.92 355.84 0.261082 0 0 98.8 92.92 0 0.12 0.04 0 246.92 31.9145 0 0.167789 
3100 88.96 346.84 0.256142 0 0 98.36 88.96 0 0.16 0.04 0 255.32 30.8657 0 0.162877 
3200 91.92 354.92 0.258903 0 0 98.48 91.92 0 0 0 0 264.16 30.2994 0 0.163908 
3300 92.84 356.48 0.259599 0 0 99.88 92.84 0 0 0 0 272.6 43.8601 0 0.16314 
3400 95.08 361.8 0.262802 0 0 99.96 95.08 0 0 0 0 281.24 46.3859 0 0.160112 
3500 93.96 358 0.262337 0 0 98.88 93.96 0 0.08 0.04 0 289.92 45.9154 0 0.159192 
3600 93.6 362.76 0.257841 0 0 100.48 93.6 0 0 0 0 298 45.9639 0 0.159661 
3700 96.24 365.56 0.263283 0 0 101.08 96.24 0 0.04 0 0 306.12 45.169 0 0.158011 
3800 92.4 360.76 0.255563 0 0 98.44 92.4 0 0.08 0 0 314.44 45.1965 0 0.158428 
3900 95 364.08 0.260916 0 0 100.72 95 0 0.08 0.08 0 323.24 45.9029 0 0.16032 
4000 95.4 368.92 0.258576 0 0 102.16 95.4 0 0 0 0 331.28 47.6809 0 0.161296 
4100 95.64 372.72 0.256776 0 0 103.04 95.64 0 0.16 0 0 339.92 49.5349 0 0.164078 
4200 94.68 375.88 0.250363 0 0 103.52 94.68 0 0.08 0 0 347.16 49.2793 0 0.162195 
4300 98.56 381.08 0.258817 0 0 104.64 98.56 0 0 0 0 355.52 46.7105 0 0.161606 
4400 98.48 379.32 0.259818 0 0 104.2 98.48 0 0 0 0 363.28 47.8097 0 0.162035 
4500 86.88 356.84 0.241718 0 0 99.8 86.88 0 0.08 0.04 0 371.4 51.0245 0 0.156008 
4600 85.48 349.52 0.241957 0 0 95.6 85.48 0 0.16 0.04 0 380.04 46.6741 0 0.151924 
4700 94.68 363 0.260846 0 0 100.48 94.68 0 0.08 0.08 0 389.24 40.5423 0 0.151316 
4800 95.48 364.32 0.262112 0 0 100.6 95.48 0 0 0 0 397.92 45.7658 0 0.15215 
4900 94.12 367.96 0.255212 0 0 101.2 94.12 0 0.2 0.08 0 406.32 40.9257 0 0.150129 
5000 112.68 370.32 0.305009 0 0 99.32 93.68 0 0.04 0 0 414.72 38.5552 0 0.155105 
5100 95.36 369.76 0.257939 0 0 101.28 95.36 0 0 0 0 422.68 38.7075 0 0.160584 
5200 95.4 368.24 0.259071 0 0 100.76 95.4 0 0 0 0 432.2 40.8623 0 0.160412 
5300 96.8 351.28 0.279254 0 0 101.76 96.8 0 0 0 0 439.52 34.5563 0 0.162437 
5400 94.44 347.72 0.274665 0 0 99.72 94.44 0 0.04 0 0 448.32 35.1977 0 0.163648 
5500 94.8 312 0.30868 0 0 100.08 94.8 0 0 0 0 459.8 32.1037 0 0.16971 
5600 95.04 284.2 0.335808 0 0 102.8 95.04 0 0.04 0 0 472.92 30.0767 0 0.172772 
5700 97.32 278.4 0.349563 0 0 103 97.32 0 0 0 0 484.32 33.1427 0 0.183382 
5800 96.64 278.88 0.346523 0 0 103 96.64 0 0.08 0 0 495.48 32.2825 0 0.189489 
5900 95.44 277.32 0.343851 0 0 103 95.44 0 0 0 0 506.52 24.0596 0 0.198037 
6000 91.84 293.72 0.328482 0 0 98.84 91.84 0 0.04 0 0 517.6 18.2559 0 0.200411 
6100 95.64 277.4 0.34414 0 0 100.92 95.64 0 0.04 0 0 528.8 18.2724 0 0.202041 
6200 97.72 328.4 0.33094 0 0 103 97.72 0 0.08 0 0 539.68 19.9181 0 0.203672 
6300 95.28 278.04 0.34213 0 0 103 95.28 0 0.12 0.08 0 550.44 18.8013 0 0.203305 
6400 97.08 280 0.346719 0 0 103 97.08 0 0 0 0 561.36 12.8617 0 0.202715 
6500 93.68 294 0.325586 0 0 103 93.68 0 0 0 0 572.48 7.1737 0 0.199044 
6600 88.68 266.68 0.330188 0 0 101.16 88.68 0 0.04 0 0 583.84 10.4182 0 0.195234 
6700 93.72 275.88 0.338656 0 0 102.28 93.72 0 0.12 0.04 0 595.84 6.57032 0 0.193888 
6800 89.76 346.12 0.306122 0 0 102.96 89.76 0 0.04 0 0 605.8 3.73232 0 0.188696 
6900 97.32 328.72 0.312595 0 0 102.96 97.32 0 0.08 0 0 616.72 4.86753 0 0.185932 
7000 94.6 284.68 0.332333 0 0 100.92 94.6 0 0 0 0 628 12.1021 0 0.182843 
7100 94.32 287.76 0.329025 0 0 103 94.32 0 0.04 0.04 0 638.04 11.6421 0 0.18366 
7200 96.76 281.84 0.343308 0 0 103 96.76 0 0.08 0.04 0 650.04 12.8901 0 0.180877 
7300 89.64 272.76 0.326015 0 0 100.92 89.64 0 0 0 0 660.96 13.1204 0 0.188128 
7400 89.92 274.88 0.325857 0 0 103 89.92 0 0.08 0.04 0 670.92 11.0195 0 0.185847 
7500 90.6 278.36 0.324205 0 0 98.84 90.6 0 0.12 0.04 0 682.88 9.39843 0 0.189074 
7600 96.32 281.24 0.342483 0 0 103 96.32 0 0.12 0.08 0 694.2 11.9317 0 0.189404 
7700 96.08 280.88 0.342088 0 0 102.84 96.08 0 0.04 0 0 704.8 11.8875 0 0.191 
7800 93.88 285.44 0.329439 0 0 102.92 93.88 0 0 0 0 715.28 10.5714 0 0.183614 
7900 92.2 280.4 0.327599 0 0 100.92 92.2 0 0 0 0 726.76 12.5884 0 0.183591 
8000 94.64 279.24 0.338595 0 0 103 94.64 0 0 0 0 737.68 8.79747 0 0.186603 
8100 96.28 281.76 0.341713 0 0 103 96.28 0 0.04 0.04 0 748.52 5.33646 0 0.190221 
8200 94.64 303.28 0.330927 0 0 102.96 94.64 0 0.08 0 0 759.68 7.15126 0 0.183831 
8300 96.68 283.64 0.340851 0 0 103 96.68 0 0.04 0.04 0 770.6 0.670016 0 0.185905 
8400 96.2 284 0.338728 0 0 103 96.2 0 0 0 0 780.92 -2.34448 0 0.18502 
8500 92.36 325.96 0.317756 0 0 102.96 92.36 0 0.16 0.08 0 791.28 1.61926 0 0.181179 
8600 94.68 279.44 0.337779 0 0 100.96 94.68 0 0 0 0 802.16 -5.38564 0 0.178592 
8700 142.96 279.12 0.512504 0 0 100.92 94.84 0 0.08 0 0 815.16 -14.1141 0 0.191456 
8800 182.6 283.04 0.64522 0 0 103 97.12 0 0 0 0 831.12 -8.87822 0 0.21562 
8900 183.84 318.6 0.598863 0 0 103.08 95.84 0 0.12 0 0 843.4 -10.1542 0 0.254431 
9000 189.2 360.16 0.55892 0 0 103.36 98.48 0 0 0 0 851.88 -7.04589 0 0.277521 
9100 189.04 284.56 0.664273 0 0 103 98.44 0 0 0 0 865.56 -12.6203 0 0.314374 
9200 197.04 285.28 0.690695 0 0 103 98.52 0 0.08 0 0 877.16 -15.505 0 0.350033 
9300 184.96 277.76 0.658669 0 0 100.92 93.48 0 0 0 0 887.08 -15.4559 0 0.362659 
9400 193.84 352.52 0.634927 0 0 102.96 96.92 0 0.04 0 0 898.08 -19.2884 0 0.354783 
9500 163.36 400.8 0.502259 0 0 101.72 93.52 0 0 0 0 906.96 -15.4051 0 0.34765 
9600 182.44 293.68 0.62843 0 0 102 97.16 0 0.04 0 0 922.16 -11.8877 0 0.335951 
9700 197.12 299.72 0.662276 0 0 103 98.56 0 0.16 0.08 0 933.12 -11.358 0 0.331542 
9800 189.8 288.36 0.657912 0 0 100.92 96.88 0 0.08 0 0 944.2 -15.0904 0 0.327077 
9900 186.2 283.12 0.654877 0 0 101 95.08 0 0.16 0.08 0 955.32 -16.0671 0 0.334843 
10000 189.44 364.48 0.609004 0 0 100.76 94.72 0 0.16 0.04 0 966.68 -16.5223 0 0.35732 
10100 188.92 287.56 0.65803 0 0 103 96.44 0 0 0 0 977.8 -16.7448 0 0.372921 
10200 190.08 279.96 0.675051 0 0 101 95.04 0 0 0 0 988.72 -15.9192 0 0.375672 
10300 177.76 284.88 0.624197 0 0 102.64 94.88 0 0.08 0.04 0 999.88 -12.1624 0 0.375349 
10400 182.32 286.04 0.63812 0 0 103.12 99.16 0 0.04 0.04 0 1010.96 -13.6519 0 0.366212 
10500 169.72 302.56 0.589104 0 0 103.24 90.8 0 0 0 0 1023 -9.43752 0 0.361905 
10600 170.2 301.96 0.600069 0 0 101.32 91.64 0 0 0 0 1034.76 -6.83374 0 0.34545 
10700 180 277.4 0.645019 0 0 100.92 93.84 0 0.2 0.12 0 1047.76 -1.16136 0 0.33641 
10800 195.92 311.6 0.64563 0 0 102.92 97.96 0 0 0 0 1058.04 -7.87547 0 0.344955 
10900 178.64 307.92 0.595335 0 0 102.92 97.04 0 0.08 0.04 0 1068.88 0.72512 0 0.347269 
11000 182.92 284.72 0.642429 0 0 102.84 97.32 0 0 0 0 1081.12 2.51599 0 0.35683 
11100 182.16 281.76 0.642461 0 0 101 96.04 0 0 0 0 1091.64 5.18321 0 0.373364 
11200 180.08 311.44 0.595019 0 0 100.92 93.88 0 0 0 0 1101.8 4.99743 0 0.376738 
11300 172.12 284.32 0.608626 0 0 101.08 95.76 0 0.04 0.04 0 1113.96 6.9284 0 0.356446 
11400 180.32 291.56 0.627827 0 0 100.92 94.04 0 0.04 0 0 1125.2 6.42718 0 0.363316 
11500 194.88 296.72 0.670444 0 0 102.92 97.44 0 0.12 0.08 0 1136.44 2.79526 0 0.358183 
11600 183.32 305.16 0.617019 0 0 103 97.48 0 0 0 0 1147.36 0.188888 0 0.356748 
11700 171.44 288.72 0.598838 0 0 103 97.4 0 0.04 0 0 1158.52 1.04922 0 0.357946 
11800 179.16 301.72 0.608123 0 0 100.96 95.4 0 0.08 0.04 0 1169.44 6.32222 0 0.374593 
11900 227.2 297.92 0.781777 0 0 103.04 97.92 0 0 0 0 1181.68 7.03729 0 0.378489 
12000 271.28 439.68 0.638669 0 0 102.32 95.08 0 0 0 0 1193.64 11.8882 0 0.367131 
12100 273.76 424.36 0.649114 0 0 99.8 94.64 0 0.12 0 0 1202.96 13.1992 0 0.368294 
12200 278.24 455.04 0.628857 0 0 102.28 96.8 0 0 0 0 1209.32 12.8014 0 0.363278 
12300 310.76 443.44 0.679964 0 0 101.6 95.6 0 0 0 0 1219.56 20.2071 0 0.36377 
12400 349.92 462.6 0.753884 0 0 99.12 95.28 0 0.24 0 0 1230.72 23.6692 0 0.376362 
12500 367.28 469.68 0.78106 0 0 100.68 93.76 0 0 0 0 1238.32 23.5772 0 0.407337 
12600 328.96 469.32 0.699868 0 0 100.36 93.68 0 0 0 0 1244.6 22.6159 0 0.409515 
12700 354.88 457.16 0.773359 0 0 98.8 92.56 0 0 0 0 1253.08 22.6627 0 0.434345 
12800 316.32 472.44 0.670243 0 0 100.68 96.44 0 0.04 0.04 0 1260.32 23.4407 0 0.451998 
12900 347.68 461.92 0.746453 0 0 97.56 93.6 0 0.08 0.04 0 1267.8 24.1169 0 0.444447 
13000 326.64 461.16 0.706934 0 0 97.88 91.24 0 0.12 0.04 0 1275.24 24.8275 0 0.440075 
13100 344.4 469.44 0.733608 0 0 99.84 95.68 0 0.04 0 0 1281.88 27.5294 0 0.443903 
13200 313.84 467.56 0.670774 0 0 99.68 95.56 0 0 0 0 1289.12 27.2153 0 0.436509 
13300 306 446.56 0.67299 0 0 99.36 95.36 0 0 0 0 1294.28 29.7256 0 0.431118 
13400 345.04 467.48 0.737863 0 0 99.92 95.72 0 0 0 0 1303.68 30.5342 0 0.445215 
13500 530.36 468.08 1.13374 0 0 100.2 95.96 0 0.08 0 0 1310.68 35.4558 0 0.450291 
13600 1329.6 472.12 2.81778 0 0 100.04 95.8 0 0 0 0 1321.2 38.7293 0 0.6544 
13700 1403.68 459 3.04758 0 0 96.4 92.56 0 0.04 0 0 1329.44 39.6081 0 0.906124 
13800 985.12 459.96 2.12056 0 0 98.68 90.88 0 0.04 0.04 0 1336.56 39.9345 0 1.13557 
13900 1433.28 467.04 3.05621 0 0 99.12 92.52 0 0 0 0 1345.72 35.9238 0 1.37189 
14000 1400.32 474.76 2.94634 0 0 101.36 95.36 0 0 0 0 1352.76 34.777 0 1.6928 
14100 1460.48 457.92 3.16967 0 0 99.12 91.28 0 0.08 0.08 0 1359.44 35.6915 0 1.75989 
14200 1160.96 468.08 2.47526 0 0 100.8 94.2 0 0 0 0 1366.68 34.3776 0 1.7544 
14300 1488 473.52 3.14201 0 0 101.28 96.88 0 0 0 0 1373.84 33.1828 0 1.78555 
14400 1386.24 473.72 2.94994 0 0 101.32 90.4 0 0 0 0 1380.8 36.1295 0 1.85007 
14500 1368.96 465.64 2.93331 0 0 100.48 91.2 0 0 0 0 1387.44 36.0956 0 1.80316 
14600 1265.28 471.96 2.67798 0 0 100.96 96.88 0 0 0 0 1394.92 37.065 0 1.80918 
14700 1440 479.28 3.02554 0 0 100.32 95.44 0 0 0 0 1402.04 36.0279 0 1.81095 
14800 1162.88 466.84 2.48825 0 0 100.2 95.52 0 0.08 0.04 0 1409.48 36.5802 0 1.8404 
14900 1351.04 468.28 2.88444 0 0 100.28 95.92 0 0.04 0.04 0 1416.68 35.8233 0 1.78418 
15000 1395.04 485.44 2.90103 0 0 100.96 93.84 0 0.08 0 0 1425.32 35.8715 0 1.77498 
15100 1180.8 473.04 2.47854 0 0 99.28 89.96 0 0.04 0 0 1432.36 35.683 0 1.75214 
15200 1225.71 480.417 2.57068 0 0 102.375 96.375 0 0 0 0 1440 39.6755 0 1.69159 
15300 1527.33 477.583 3.19572 0 0 102.958 95.4583 0 0 0 0 1447.79 43.4747 0 1.67991 
15400 1193.44 474.64 2.51244 0 0 102.72 91.04 0 0 0 0 1454.4 41.1746 0 1.74489 
15500 1043.76 463.76 2.21526 0 0 102.44 88.44 0 0.08 0 0 1461.24 38.8016 0 1.68016 
15600 1075.2 459.44 2.32768 0 0 102.04 81.28 0 0.04 0 0 1467.24 39.6133 0 1.58798 
15700 1667.6 472.52 3.50598 0 0 100.6 90.04 0 0.08 0.08 0 1480.2 31.6303 0 1.68648 
15800 2501.76 470.84 5.23602 0 0 100.72 92.28 0 0 0 0 1489.6 29.9769 0 1.84808 
15900 2712.16 465.52 5.75723 0 0 97.88 89.56 0 0 0 0 1500.04 26.956 0 2.10705 
16000 2301.28 473.24 4.86978 0 0 101.56 95.16 0 0.08 0.04 0 1508.28 22.9506 0 2.45559 
16100 3051.52 471.92 6.46623 0 0 101.2 95.36 0 0 0 0 1515.96 17.1057 0 2.94373 
16200 2552.88 473.52 5.38743 0 0 101.56 95.52 0 0.32 0.16 0 1523.36 15.0811 0 3.21383 
16300 2919.33 472.125 6.1587 0 0 102 94.1667 0 0.0833333 0 0 1529.79 13.6174 0 3.42645 
16400 2722.8 475.64 5.72489 0 0 102.24 95.36 0 0.08 0 0 1536.96 13.7964 0 3.56807 
16500 2859.68 475.36 6.01321 0 0 102.16 95.6 0 0.04 0 0 1544.04 16.4369 0 3.68626 
16600 2806.64 468.48 5.97646 0 0 102.16 94.12 0 0 0 0 1551.52 18.8066 0 3.65144 
16700 2893.44 461.64 6.24993 0 0 99.32 93.24 0 0.08 0.04 0 1558.6 17.0421 0 3.7465 
16800 2721.16 471.12 5.77796 0 0 102.08 96.08 0 0.08 0.04 0 1565.8 18.6074 0 3.8076 
16900 2880.64 470.48 6.1253 0 0 101.68 95.56 0 0 0 0 1572.56 17.892 0 3.78486 
17000 2926 469.88 6.22384 0 0 101.48 95.08 0 0.04 0 0 1579.4 18.2337 0 3.83733 
17100 2662.64 471.24 5.64394 0 0 101.96 95.4 0 0.04 0 0 1586.08 15.6062 0 3.84607 
17200 2445.76 471.8 5.1837 0 0 101.96 95.4 0 0.04 0 0 1593.2 18.3008 0 3.879 
17300 2955.52 473 6.24823 0 0 102.12 95.24 0 0.04 0.04 0 1600.2 17.8527 0 3.86482 
17400 2977.28 467.2 6.35091 0 0 99.64 93.04 0 0.04 0 0 1607.12 17.7876 0 3.91761 
17500 2855.68 457.32 6.18871 0 0 97.72 89.24 0 0.08 0.08 0 1613.6 11.4211 0 3.92199 
17600 2475.52 471.96 5.25114 0 0 101.96 95.96 0 0.2 0.12 0 1620.6 13.3991 0 3.95797 
17700 2683.84 476.44 5.66242 0 0 100.04 90.32 0 0 0 0 1628.2 9.19046 0 3.86379 
17800 2410.16 474.24 5.07213 0 0 102.24 95.88 0 0 0 0 1635.68 11.1635 0 3.76567 
17900 2787.52 475.28 5.86944 0 0 102.36 95.84 0 0.04 0 0 1643.36 9.8586 0 3.71266 
18000 2239.12 460.8 4.80427 0 0 101.8 92.84 0 0.08 0.04 0 1651.44 4.47342 0 3.58937 
18100 2353.76 472.88 4.97582 0 0 101.6 94.6 0 0 0 0 1659.28 3.60785 0 3.60642 
18200 2941.12 463.92 6.36869 0 0 101.64 94.76 0 0.08 0 0 1666.28 2.31276 0 3.78576 
18300 2768.64 456.52 6.04066 0 0 100.64 86.52 0 0.04 0 0 1672.92 4.55154 0 3.87436 
18400 1993.6 466.08 4.26301 0 0 102.56 87.64 0 0.04 0 0 1679.64 0.998408 0 3.81323 
18500 2409.12 468.76 5.12863 0 0 100.52 91.6 0 0.08 0.04 0 1687.96 -0.155806 0 3.73621 
18600 2759.76 471.48 5.85607 0 0 101.8 93.2 0 0.04 0.04 0 1695.88 7.65415 0 3.70524 
18700 2870.92 471.96 6.08352 0 0 101.6 93.32 0 0 0 0 1702.8 9.71777 0 3.59689 
18800 2903.68 475.32 6.11763 0 0 101.88 93.56 0 0.04 0 0 1709.52 12.1149 0 3.57848 
18900 2521.52 480.84 5.26263 0 0 102.16 92.24 0 0.2 0.08 0 1716.2 11.6563 0 3.58162 
19000 2838.33 502.667 5.66609 0 0 102.042 92.9583 0 0 0 0 1721.88 7.13355 0 3.61147 
19100 2910.64 475.56 6.11749 0 0 102.12 94.6 0 0 0 0 1729.8 1.8003 0 3.67302 
19200 2910.72 476.52 6.10806 0 0 102.24 94.68 0 0.12 0.08 0 1736.76 4.51395 0 3.68326 
19300 2808.4 477.28 5.88908 0 0 102.12 94.8 0 0.04 0.04 0 1743.6 3.88367 0 3.67319 
19400 2659.04 470.24 5.63797 0 0 102.04 93.04 0 0.12 0.04 0 1750.28 0.464394 0 3.67189 
19500 2548 467.792 5.44015 0 0 101.708 92 0 0 0 0 1757 6.34787 0 3.64865 
19600 2628.96 480.12 5.48025 0 0 102.4 94.68 0 0 0 0 1765.16 11.8323 0 3.58575 
19700 2054.72 481.76 4.26381 0 0 102.32 94.72 0 0.16 0.12 0 1772.48 14.3782 0 3.47856 
19800 2367.68 475.48 4.95202 0 0 98.24 87.28 0 0 0 0 1780.68 11.8609 0 3.44117 
19900 2823.28 520.32 5.47465 0 0 102.36 94.72 0 0.04 0 0 1787.72 13.4338 0 3.32515 
20000 3033.6 556.08 5.48828 0 0 102.36 94.8 0 0.08 0.08 0 1793.36 15.0286 0 3.35273 
20100 2932.32 551.56 5.33018 0 0 102.56 94.96 0 0 0 0 1798.96 11.704 0 3.28672 
20200 2500.84 547.96 4.59437 0 0 100.32 92.76 0 0.12 0.08 0 1804.52 12.2935 0 3.28732 
20300 2798.04 537.44 5.28164 0 0 102.2 91.12 0 0.2 0.08 0 1811.48 10.266 0 3.18822 
20400 2490.96 519.32 4.81872 0 0 99.96 92.76 0 0.12 0.04 0 1818.36 10.8894 0 3.18404 
20500 2837.76 478.16 5.90346 0 0 99.68 88.68 0 0.04 0.04 0 1826.28 10.2505 0 3.16772 
20600 2713.48 478.64 5.70484 0 0 99.12 92.12 0 0 0 0 1836.04 16.8881 0 3.23136 
20700 2343.76 465.96 5.11725 0 0 98.88 91.72 0 0 0 0 1843.68 20.4077 0 3.22992 
20800 2437.84 484.16 6.16946 0 0 100.36 87.92 0 0.04 0 0 1852.52 20.3519 0 3.36865 
20900 2542.92 371.8 6.84177 0 0 100.12 92.92 0 0.04 0 0 1863.32 19.383 0 3.54069 
21000 2763.44 379.8 7.28955 0 0 100.12 92.56 0 0 0 0 1872.32 15.6643 0 3.84351 
21100 2624.16 367.52 7.12566 0 0 100.16 88.64 0 0.04 0.04 0 1881.88 17.0213 0 4.0339 
21200 2646.68 368.64 7.15722 0 0 98 89.8 0 0 0 0 1892.32 14.8001 0 4.15351 
21300 2825.28 374.72 7.53823 0 0 100.48 93 0 0 0 0 1901.76 15.1499 0 4.27023 
21400 2754.29 376.208 7.32368 0 0 100.708 93.2083 0 0 0 0 1910.75 17.5539 0 4.45912 
21500 2530.48 374.56 6.79329 0 0 96.36 85.48 0 0.04 0 0 1919.28 17.837 0 4.4185 
21600 2431.52 368.2 6.5724 0 0 98.4 89.44 0 0 0 0 1928.8 16.7486 0 4.31739 
21700 2884.88 376.72 7.65721 0 0 100.56 93.64 0 0.08 0 0 1938.68 14.6628 0 4.49442 
21800 2774.08 371.76 7.42395 0 0 98.6 89.84 0 0.04 0 0 1947.36 16.1574 0 4.49051 
21900 2818.88 377 7.47988 0 0 100.64 93.76 0 0 0 0 1956.08 16.6056 0 4.44366 
22000 2944.24 377.52 7.80817 0 0 100.84 93.76 0 0.04 0.04 0 1965.48 14.2906 0 4.3615 
22100 4581.76 365.28 12.5133 0 0 98.64 89.24 0 0 0 0 1979.64 14.1423 0 4.67078 
22200 4709.76 375.8 12.5479 0 0 100.96 93.56 0 0 0 0 1991.72 9.8326 0 5.16548 
22300 4822.36 375.28 12.8458 0 0 101 93.08 0 0.04 0 0 2002.44 7.16417 0 6.00585 
22400 5178.24 372.92 13.8601 0 0 100.84 91.4 0 0.12 0.08 0 2011.52 5.56898 0 6.625 
22500 5118 373.12 13.7052 0 0 100.8 92.52 0 0 0 0 2020.56 5.92916 0 7.48995 
22600 3359.2 366.96 8.97735 0 0 98.04 91 0 0.08 0 0 2030.6 2.91306 0 8.02234 
22700 5515.36 373.84 14.754 0 0 99.92 94.52 0 0 0 0 2039.32 -4.42192 0 8.35899 
22800 5237.36 372 14.0626 0 0 100.12 92.8 0 0 0 0 2048.92 -6.14515 0 8.60102 
22900 5396.24 372.88 14.45 0 0 100.16 95.36 0 0 0 0 2057.84 -4.53157 0 9.0763 
23000 5938.56 373.84 15.8841 0 0 100.48 95.64 0 0.12 0.08 0 2066.6 -5.65812 0 9.31265 
23100 4522.8 375 12.0661 0 0 100.84 95.56 0 0 0 0 2075.6 -6.77719 0 9.58368 
23200 5362.08 373.583 14.347 0 0 100.625 95.2083 0 0.0833333 0.0833333 0 2085.25 -7.39555 0 9.48268 
23300 4938.48 373.76 13.1986 0 0 100.72 95.4 0 0.04 0.04 0 2093.96 -10.3466 0 9.39433 
23400 4977.12 373.04 13.3292 0 0 100.6 95.4 0 0.08 0.04 0 2104.72 -10.1167 0 8.99666 
23500 4464 372.12 11.9747 0 0 100.2 95.48 0 0.04 0.04 0 2113.56 -8.49305 0 8.95776 
23600 5101.68 374.28 13.5923 0 0 100.6 96.28 0 0.04 0 0 2124.92 -5.96785 0 8.55639 
23700 5353.76 377.68 14.1857 0 0 100.48 95.96 0 0 0 0 2134.64 -7.03005 0 8.79007 
23800 4620.72 372.52 12.3447 0 0 98.28 92.44 0 0.2 0.08 0 2144.4 -4.80618 0 8.82115 
23900 5826.72 371.12 15.6728 0 0 100.28 94.68 0 0.04 0.04 0 2153.4 -5.11407 0 8.99479 
24000 4491.36 375.72 11.9767 0 0 100.48 96.84 0 0 0 0 2162.24 -1.32967 0 9.13222 
24100 5207.36 375.8 13.8483 0 0 100.48 95.92 0 0.24 0.16 0 2172.4 -2.73172 0 9.53101 
24200 5080.96 373.64 13.5693 0 0 98.36 93.52 0 0.12 0.12 0 2180.64 -6.84269 0 9.50723 
24300 6177.28 379.68 16.2693 0 0 101.04 96.52 0 0.04 0.04 0 2189.44 1.24213 0 9.48464 
24400 5461.28 375.12 14.5271 0 0 100.48 93.84 0 0.04 0 0 2198.28 -0.175942 0 9.65828 
24500 5357.12 376.2 14.21 0 0 100.72 95.32 0 0 0 0 2208.12 11.4586 0 9.39533 
24600 5348.56 379.88 14.0796 0 0 101.28 98.28 0 0 0 0 2219.6 21.1464 0 9.28674 
24700 5702.32 376.84 15.1014 0 0 100.88 96.04 0 0.04 0 0 2229.04 16.3564 0 9.21001 
24800 5295.12 369.96 14.2493 0 0 98.96 92.8 0 0.2 0 0 2238.92 14.5404 0 8.91561 
24900 4632.96 407.28 12.2046 0 0 99.04 92.36 0 0.04 0.04 0 2248.84 14.3013 0 8.70827 
25000 5438.76 373.12 14.5123 0 0 98.76 92.48 0 0 0 0 2258.72 14.0394 0 8.66725 
25100 5726.8 379.16 15.1053 0 0 101 96.96 0 0 0 0 2268.56 13.307 0 8.66892 
25200 5209.28 392.92 13.7335 0 0 102.24 95.04 0 0.08 0.08 0 2279.16 16.5187 0 8.3849 
25300 4579.6 375.4 12.1875 0 0 100.56 96.32 0 0.08 0.04 0 2289.88 17.472 0 8.3963 
25400 5450.4 386.4 14.4216 0 0 101.08 96.52 0 0.08 0.08 0 2299.76 16.8243 0 8.4483 
25500 5712 375.56 15.2132 0 0 100.76 96.04 0 0.08 0.08 0 2308.88 12.3862 0 8.66236 
25600 5731.92 368.64 15.4594 0 0 99 93.32 0 0.08 0 0 2318.4 6.41628 0 8.78423 
25700 4928.8 371.48 13.1812 0 0 98.88 95.4 0 0.08 0.08 0 2327.44 9.27383 0 9.04053 
25800 5573.84 375.16 14.8644 0 0 100.8 97.64 0 0.04 0.04 0 2336.96 17.5205 0 9.21261 
25900 5679.36 404.04 14.938 0 0 100.56 93.92 0 0.2 0.08 0 2347.04 17.6674 0 8.97627 
26000 4604.48 367.6 12.5482 0 0 100.44 94.56 0 0 0 0 2356.32 20.8148 0 8.7605 
26100 2671.84 361.44 7.60543 0 0 98.36 91.6 0 0 0 0 2365.92 19.5802 0 8.08291 
26200 4887.36 375.36 13.0364 0 0 101 97.6 0 0 0 0 2381.16 10.9316 0 7.68715 
26300 4575.44 374.6 12.2262 0 0 100.8 97.28 0 0 0 0 2392.12 11.0908 0 7.48796 
26400 4665.6 373.24 12.4834 0 0 100.48 96.48 0 0 0 0 2401.76 12.4773 0 7.74645 
26500 5358.96 410.12 13.9307 0 0 98.64 94.8 0 0.08 0 0 2411.88 6.17489 0 7.59577 
26600 4630.72 402.24 12.1572 0 0 103.88 103 0 0.08 0.08 0 2420.08 9.88372 0 7.75687 
26700 4495.2 376.4 11.9485 0 0 100.4 95.96 0 0 0 0 2431.56 16.1766 0 8.18426 
26800 4786.52 382.2 12.52 0 0 100.96 96.84 0 0.08 0.04 0 2441.6 19.3198 0 8.31648 
26900 5456.28 379.92 14.3588 0 0 100.8 96.24 0 0.12 0 0 2451.6 13.5098 0 8.06241 
27000 5521.92 378.88 14.5749 0 0 100.72 96.36 0 0.04 0 0 2460.92 12.7232 0 8.29704 
27100 5276.24 373.08 14.1478 0 0 98.92 94 0 0 0 0 2470.32 4.24325 0 8.59196 
27200 5319.68 374.72 14.1913 0 0 100.8 93.44 0 0.04 0.04 0 2480.24 -8.76567 0 8.6464 
27300 5093.04 371.92 13.6457 0 0 98.44 89.84 0 0.16 0.08 0 2490.28 -10.3411 0 8.52265 
27400 5543.52 377.16 14.688 0 0 100.92 95.92 0 0 0 0 2500.88 -7.23776 0 8.55148 
27500 5000.8 371.96 13.3901 0 0 98.6 92.04 0 0 0 0 2511.12 -0.253952 0 8.4196 
27600 4709.8 373.52 12.4937 0 0 99 94.04 0 0.12 0.04 0 2521.32 3.63135 0 8.3422 
27700 5726.72 375.72 15.2359 0 0 100.8 93.28 0 0 0 0 2531.84 -2.3719 0 8.02228 
27800 4930.56 369.64 13.2982 0 0 98.52 92.2 0 0 0 0 2540.92 0.92767 0 8.2479 
27900 5163.52 370.48 13.9146 0 0 98.64 93.96 0 0 0 0 2550.8 2.01699 0 8.47177 
28000 5392.6 391.24 13.9847 0 0 100.24 95.48 0 0.12 0.04 0 2559.72 1.43392 0 8.6956 
28100 4830.64 373.88 12.9249 0 0 100.6 95.64 0 0 0 0 2569.28 -2.53562 0 8.76378 
28200 5247.04 375.32 13.9981 0 0 100.64 96.04 0 0.08 0 0 2579.08 -1.35737 0 9.11665 
28300 5340 375 14.2184 0 0 98.76 94.16 0 0 0 0 2587.84 3.02853 0 9.46632 
28400 4541.76 373.96 12.1065 0 0 98.92 93.24 0 0.08 0.04 0 2596.64 3.83856 0 9.46623 
28500 5591.12 368.72 14.7469 0 0 98.96 93.16 0 0.12 0 0 2605.72 4.94294 0 9.42069 
28600 5041.68 378.2 13.344 0 0 101.04 97 0 0.08 0.04 0 2615.24 8.78694 0 9.55623 
28700 4310.32 381.08 11.4335 0 0 100.6 97.08 0 0.12 0.08 0 2624.32 9.25027 0 9.35685 
28800 5598.72 374.48 14.9519 0 0 100.56 95.04 0 0 0 0 2633.56 14.8404 0 8.92921 
28900 6077.44 377.96 16.0816 0 0 100.2 94.96 0 0 0 0 2643.28 17.4601 0 8.87096 
29000 5352.64 373.8 14.297 0 0 98.16 92.72 0 0 0 0 2651.76 16.8665 0 8.93112 
29100 5079.04 381.88 13.3 0 0 100.04 95.2 0 0.16 0 0 2660.68 22.2904 0 9.00737 
29200 3263.76 378.76 8.69441 0 0 99.84 93.84 0 0.04 0.04 0 2671.12 18.6418 0 8.55547 
29300 6141.44 380.52 16.1395 0 0 100.12 95.96 0 0 0 0 2684.68 28.0538 0 8.53795 
29400 6146.56 380.84 16.1393 0 0 100.24 96.04 0 0 0 0 2692.96 24.6898 0 8.6324 
29500 4984 380.4 13.0897 0 0 100.16 96.04 0 0.04 0.04 0 2700.92 24.1262 0 8.54443 
29600 6008.96 382.72 15.6962 0 0 100.52 96.8 0 0 0 0 2709.84 22.3344 0 8.6105 
29700 5322.4 378.12 14.0502 0 0 96.2 90.68 0 0 0 0 2717.8 23.1396 0 8.97182 
29800 5935.32 390.16 15.3982 0 0 100.16 96.48 0 0 0 0 2727.28 28.0557 0 8.94079 
29900 4790.96 381.6 12.5634 0 0 100.08 96.36 0 0.04 0.04 0 2736.44 26.8958 0 8.87976 
30000 6054.4 376.88 16.0106 0 0 98.04 94.6 0 0 0 0 2746.8 20.3775 0 8.6358 
30100 4205.12 369.68 11.2162 0 0 96.24 89.2 0 0.04 0.04 0 2755.52 18.4487 0 8.35746 
30200 5446.24 378.04 14.3748 0 0 100 94.36 0 0.08 0 0 2765.52 15.9251 0 8.43758 
30300 5224.88 381.72 13.6772 0 0 100.4 96.56 0 0.2 0.04 0 2774.68 13.9777 0 8.6708 
30400 5335.04 377.24 14.129 0 0 100.4 94.28 0 0 0 0 2784.08 19.9939 0 8.89209 
30500 4900.16 377.44 13.0211 0 0 100.24 95.52 0 0.04 0 0 2793.6 14.9586 0 8.83503 
30600 5591.68 385.68 14.5812 0 0 99.32 94.72 0 0.04 0 0 2803.4 10.43 0 8.89958 
30700 4882.08 371.583 13.0643 0 0 93.75 89.875 0 0 0 0 2812.21 10.4706 0 9.02439 
30800 5931.52 371.76 15.8505 0 0 98.04 92.68 0 0 0 0 2821.84 8.52097 0 8.98375 
30900 5260.96 380.16 13.8486 0 0 100.24 96.32 0 0.04 0 0 2829.96 7.9875 0 8.76934 
31000 4362.88 439.32 11.4295 0 0 95.68 91.64 0 0.04 0.04 0 2839.96 10.4176 0 8.55692 
31100 5546.24 380.4 14.5809 0 0 100.6 96.72 0 0.2 0.08 0 2850.72 9.52373 0 8.22428 
31200 5841.28 383.24 15.2284 0 0 101.28 97.48 0 0.08 0 0 2859.6 7.77933 0 8.43211 
31300 5848.32 384.16 15.1579 0 0 101.92 96.28 0 0.08 0 0 2867.88 8.10614 0 8.55252 
31400 5333.92 377.32 14.0961 0 0 101.92 90.96 0 0 0 0 2877.88 9.45948 0 8.46237 
31500 4938.24 379.8 12.9468 0 0 102.04 89.44 0 0.04 0.04 0 2887.04 2.91298 0 8.83784 
31600 4684.88 397.36 12.0312 0 0 102.08 98.48 0 0.08 0.08 0 2897.08 2.38229 0 9.11622 
31700 5803.68 386.8 14.9871 0 0 100 94.48 0 0.04 0 0 2905.8 3.4726 0 9.03548 
31800 6340.08 392.16 16.1254 0 0 102.48 98.8 0 0.08 0.08 0 2915.56 -8.03256 0 8.87912 
31900 5387.64 390.32 13.8114 0 0 102.56 99 0 0.08 0 0 2923.88 -10.2898 0 8.77791 
32000 4722.76 394.08 12.1316 0 0 101.56 96.64 0 0.04 0 0 2933.32 -7.68219 0 8.91479 
32100 5729.52 384.28 14.818 0 0 98.4 93.36 0 0.08 0 0 2942.28 -15.6247 0 8.7479 
32200 6082.64 388.76 15.6395 0 0 102.24 98.8 0 0.2 0.04 0 2951.68 -15.2064 0 8.56238 
32300 6289.92 388.24 16.2018 0 0 101.8 98.28 0 0 0 0 2959.8 -19.2203 0 8.6309 
32400 5796.08 390.16 14.854 0 0 100.16 94.4 0 0.08 0.04 0 2968.2 -21.3427 0 9.09421 
32500 5920 390.24 15.1701 0 0 102.08 98.44 0 0.12 0.04 0 2976.92 -17.7844 0 9.10294 
32600 5307.68 387.08 13.6993 0 0 101.48 98.2 0 0.12 0.04 0 2985.28 -21.7389 0 9.61859 
32700 4698.84 396.56 12.0291 0 0 104 98.08 0 0.08 0 0 2994.6 -14.0022 0 9.73479 
32800 5140.84 393.4 13.0552 0 0 102.8 99.16 0 0 0 0 3003.92 -8.76456 0 9.32943 
32900 6085.75 392.042 15.5399 0 0 102.583 99.1667 0 0 0 0 3013.79 -10.8145 0 8.75581 
33000 5649.12 391.16 14.4368 0 0 102.64 98.88 0 0 0 0 3022 -10.7595 0 8.70233 
33100 5723.52 391.92 14.608 0 0 102.76 99.12 0 0 0 0 3031.28 -12.7003 0 8.25997 
33200 5999.4 386.28 15.4902 0 0 100.72 97.56 0 0 0 0 3040.36 -10.0778 0 8.23427 
33300 5808.04 389.68 14.8825 0 0 101.88 96.6 0 0 0 0 3049.76 -19.9293 0 8.49754 
33400 4897.6 376.96 12.7255 0 0 100.04 99.04 0 0.08 0 0 3059.36 -18.7202 0 8.81435 
33500 5529.6 382.68 14.3838 0 0 98.04 94.24 0 0.08 0.04 0 3066.92 -29.3269 0 8.90411 
33600 5992.96 388.16 15.4442 0 0 101.48 97.56 0 0.04 0.04 0 3075.44 -30.3045 0 8.99124 
33700 4193.92 387.08 10.8408 0 0 101.32 97.28 0 0 0 0 3084.52 -34.249 0 8.88421 
33800 5472.64 383.84 14.186 0 0 100.24 97.12 0 0.04 0.04 0 3093.68 -37.7038 0 8.98873 
33900 5496.88 386.04 14.239 0 0 101.08 96.96 0 0.16 0 0 3102.04 -38.0791 0 9.01482 
34000 5204.48 380.16 13.6498 0 0 98.64 92.84 0 0.04 0 0 3110.36 -39.653 0 8.96006 
34100 6243.84 386.44 16.1581 0 0 101.48 97.56 0 0.04 0.04 0 3120.76 -46.3563 0 8.85135 
34200 4082.48 386.08 10.5754 0 0 101.2 97.52 0 0 0 0 3128.68 -46.0544 0 8.86306 
34300 5155.92 387.28 13.294 0 0 101.36 97.96 0 0.08 0.04 0 3138.08 -45.2732 0 8.70795 
34400 5460.08 391.8 13.924 0 0 102.56 99.04 0 0 0 0 3148 -45.7251 0 8.76913 
34500 4542.33 387.25 11.7002 0 0 101.125 97.6667 0 0 0 0 3158.17 -45.7101 0 8.46507 
34600 3948.32 387.28 10.171 0 0 99.04 95.28 0 0.12 0.04 0 3169.28 -45.444 0 8.1605 
34700 4264.64 385.84 10.9945 0 0 101.68 93.96 0 0.08 0 0 3179.36 -47.0164 0 7.79369 
34800 4164.67 390.458 10.669 0 0 101.833 97.6667 0 0 0 0 3192.83 -51.2265 0 7.40177 
34900 4353.12 508.08 10.0977 0 0 100.48 91.8 0 0 0 0 3203.64 -48.1824 0 7.04378 
35000 4436.96 395.24 11.1921 0 0 99.36 94.28 0 0.08 0.04 0 3213.92 -45.549 0 7.11269 
35100 5504.8 419.72 13.4022 0 0 100.8 95.6 0 0.04 0 0 3222.64 -47.3439 0 7.27194 
35200 5412.8 392.32 13.8141 0 0 100.68 94.68 0 0 0 0 3233.08 -42.7607 0 7.41623 
35300 4445.44 403.16 10.8949 0 0 99.12 91.88 0 0 0 0 3241.08 -49.6639 0 7.67734 
35400 3791.52 389.44 9.79871 0 0 100.16 93.04 0 0 0 0 3252.16 -45.9345 0 7.46508 
35500 5345.12 385.32 13.8836 0 0 101.92 95.72 0 0.2 0.08 0 3264.96 -43.8415 0 7.38889 
35600 5247.2 384.88 13.6302 0 0 101.76 95.8 0 0 0 0 3274.12 -42.3718 0 7.72032 
35700 5107.68 372.56 13.5723 0 0 97.72 89.64 0 0 0 0 3283.04 -43.3871 0 8.08756 
35800 4742.56 386.2 12.277 0 0 102 95.88 0 0 0 0 3291.52 -42.9661 0 8.41073 
35900 4964.88 386.76 12.8327 0 0 102 95.64 0 0 0 0 3301.52 -41.1233 0 8.72655 
36000 5209.44 405.28 12.9321 0 0 100.04 93.6 0 0 0 0 3310.48 -42.3921 0 8.90889 
36100 5299.52 465.48 11.8098 0 0 100.36 94 0 0 0 0 3318.04 -41.8913 0 8.58139 
36200 5282.48 386.68 13.6634 0 0 101.8 95.4 0 0.04 0.04 0 3328.36 -39.301 0 8.30899 
36300 5142.24 390.28 13.1448 0 0 102.96 96.8 0 0 0 0 3337.48 -38.7273 0 8.12531 
36400 5989.44 400 15.0108 0 0 105.28 99.52 0 0.12 0 0 3346.56 -35.2483 0 8.42132 
36500 6149.2 402.12 15.2774 0 0 105.96 99.84 0 0.08 0.08 0 3355 -39.9958 0 8.67698 
36600 4969.92 418.68 11.8603 0 0 110.4 102.6 0 0 0 0 3363.04 -37.1186 0 8.98648 
36700 5529.92 424.68 13.0482 0 0 112.8 101.88 0 0 0 0 3371.16 -33.5336 0 8.93305 
36800 5427.68 443.52 12.1153 0 0 115.96 106.44 0 0 0 0 3379.64 -32.2771 0 9.0486 
36900 5993.6 460.76 13.033 0 0 121.56 111.28 0 0.16 0 0 3387.4 -30.8873 0 8.76696 
37000 6204.16 451.28 13.7481 0 0 120.24 108.16 0 0.04 0 0 3395.52 -35.7792 0 8.53865 
37100 4791.36 445.76 10.6869 0 0 116.92 107 0 0 0 0 3402.56 -35.7321 0 8.08211 
37200 6032.96 474.4 12.6827 0 0 125.48 115.36 0 0.04 0 0 3411.08 -34.1107 0 8.02456 
37300 6729.6 484.44 13.7945 0 0 126.08 116.44 0 0.04 0 0 3418.64 -36.5089 0 7.79693 
37400 7503.44 508.04 14.7688 0 0 131.92 122.24 0 0 0 0 3425.44 -39.6746 0 7.99093 
37500 7029.76 500.28 13.945 0 0 132.68 120.72 0 0.08 0 0 3432.04 -38.5902 0 8.0282 
37600 6609.67 570.708 12.1582 0 0 142.333 129.708 0 0 0 0 3438.46 -38.8291 0 8.46323 
37700 8364.64 582.6 14.4813 0 0 145.68 135.76 0 0 0 0 3444.52 -34.9371 0 8.68864 
37800 7699.68 559.24 13.7758 0 0 146.76 136.2 0 0 0 0 3450.32 -32.825 0 8.79539 
37900 7601.2 567.88 13.3115 0 0 148.76 139.64 0 0 0 0 3456.24 -33.3948 0 8.56877 
38000 8208 584.04 14.0094 0 0 153.28 143.12 0 0.04 0 0 3462.36 -37.6047 0 8.46317 
38100 7795.52 583.88 13.3495 0 0 152.56 143.04 0 0.08 0 0 3467.92 -39.178 0 8.4703 
38200 8821.76 623.04 14.326 0 0 156.96 146.56 0 0 0 0 3473.96 -39.1355 0 8.40156 
38300 9455.36 608.24 15.5411 0 0 160.2 150.72 0 0 0 0 3480.76 -39.1472 0 8.59501 
38400 9104.64 639.16 14.2895 0 0 160.04 151.32 0 0.08 0 0 3485.92 -40.1275 0 8.59285 
38500 8587.6 659.64 13.0889 0 0 166.6 157.28 0 0 0 0 3491.24 -41.5438 0 8.58718 
38600 7296.64 641.64 11.3598 0 0 167.64 158.56 0 0.2 0 0 3498.36 -43.8949 0 8.30865 
38700 9683.36 666.4 14.6275 0 0 172.76 163.12 0 0 0 0 3503.12 -43.3638 0 8.19401 
38800 10162.6 655.4 15.5067 0 0 174 164.6 0 0 0 0 3508.88 -44.1019 0 8.08809 
38900 8634.48 659.72 13.1047 0 0 177.2 164.72 0 0.04 0 0 3513.88 -44.1856 0 8.24592 
39000 10413.4 671 15.5253 0 0 178.24 168.8 0 0 0 0 3518.32 -44.7921 0 8.33284 
39100 9305.28 667.36 13.9029 0 0 179.24 164.28 0 0 0 0 3523.64 -44.2123 0 8.53821 
39200 10525.3 686.88 15.3287 0 0 182.52 171.2 0 0.04 0 0 3528.88 -44.6385 0 8.82113 
39300 9874.88 697.12 14.1647 0 0 185.32 174.2 0 0.12 0 0 3533.64 -48.1313 0 8.80673 
39400 9510.64 706.32 13.4717 0 0 187.52 176.72 0 0 0 0 3538.12 -51.506 0 8.66487 
39500 11124.5 709.52 15.684 0 0 188.56 177.48 0 0.04 0 0 3543.08 -48.3231 0 8.68591 
39600 9625.28 698.88 13.6995 0 0 185.8 167.24 0 0.04 0 0 3547.56 -46.8898 0 8.8324 
39700 9734.24 721 13.5209 0 0 191.48 179.12 0 0 0 0 3552.08 -48.5946 0 8.68961 
39800 8455.04 746.72 11.4939 0 0 195.52 179.64 0 0.04 0 0 3556.96 -48.1195 0 8.60731 
39900 7983.2 723.76 11.0137 0 0 190.36 177.56 0 0.12 0 0 3561.44 -45.6524 0 8.37075 
40000 9051.84 739.56 12.2483 0 0 196 183.92 0 0.2 0 0 3568.56 -44.626 0 8.25492 
40100 9782.24 748.52 13.0719 0 0 198.68 186.08 0 0.08 0 0 3573.4 -43.5035 0 8.22192 
40200 9943.36 725.72 13.6493 0 0 192.8 176.76 0 0.04 0 0 3577.32 -40.4415 0 8.053 
40300 8927.84 758.24 11.8927 0 0 199.88 186.32 0 0 0 0 3581.88 -41.8095 0 8.1652 
40400 10664.4 772.16 13.8022 0 0 205.6 192.16 0 0 0 0 3587.36 -40.8508 0 8.26251 
40500 11243.5 778.8 14.4368 0 0 204.2 190.68 0 0.04 0 0 3592 -39.0566 0 8.25439 
40600 10068 798.8 13.0551 0 0 209.96 187.2 0 0.08 0 0 3596.08 -38.967 0 8.33497 
40700 7772.48 706.96 11.1044 0 0 187.8 172.36 0 0.08 0 0 3601.04 -39.2493 0 8.40769 
40800 8797.76 709.84 11.7472 0 0 185.92 162.32 0 0 0 0 3606 -39.2465 0 8.02565 
40900 11239.2 812.88 13.8215 0 0 216.16 203.04 0 0 0 0 3611.76 -40.4909 0 8.45581 
41000 9096.08 763.36 11.6777 0 0 203.44 183.48 0 0.04 0 0 3615.64 -42.6828 0 8.45584 
41100 9629.2 765.08 12.2516 0 0 206.12 188.04 0 0.04 0 0 3619.44 -40.6947 0 7.97565 
41200 22333.4 807.96 27.6076 0 0 214.96 198.48 0 0 0 0 3625.52 -35.8789 0 8.4971 
41300 34262.4 794.24 43.2093 0 0 206.76 190.96 0 0 0 0 3632.72 -34.1155 0 11.9055 
41400 34889.9 782.16 44.565 0 0 206.32 186 0 0 0 0 3639.12 -32.3195 0 15.4858 
41500 41771.5 786.44 52.8944 0 0 208.16 191.8 0 0 0 0 3644.4 -33.1373 0 20.3487 
41600 41962.9 854.76 51.0491 0 0 210.4 186.44 0 0.12 0 0 3649.48 -31.778 0 26.1445 
41700 31226.9 697.76 46.1871 0 0 188.52 170.52 0 0 0 0 3653.8 -31.3858 0 30.7493 
41800 41180.2 736.48 55.8463 0 0 199 183.04 0 0 0 0 3658.68 -32.2109 0 32.8756 
41900 40504.5 824.32 49.7093 0 0 205.24 188.92 0 0 0 0 3663.12 -33.3729 0 33.3777 
42000 45760.3 800.833 57.021 0 0 213.583 198.792 0 0 0 0 3667.42 -34.8776 0 32.301 
42100 45303 799.8 56.5155 0 0 213.88 195.48 0 0.04 0 0 3671.52 -34.5603 0 30.783 
42200 43301.8 817.6 54.0946 0 0 221.16 196.24 0 0.08 0.04 0 3676.24 -37.3096 0 30.5644 
42300 37475.8 796.28 47.0382 0 0 214.12 196.76 0 0.04 0.04 0 3680.48 -37.3137 0 28.9535 
42400 36272.5 783.8 46.1195 0 0 204.84 193.16 0 0.08 0.04 0 3685.84 -37.8992 0 29.2291 
42500 32574.1 798.84 40.8615 0 0 214.08 198.56 0 0 0 0 3691.48 -39.2914 0 29.4023 
42600 46466.6 797.88 58.2493 0 0 213.48 199.64 0 0.04 0 0 3697.08 -37.246 0 29.5209 
42700 47146.9 782.84 59.6163 0 0 204.48 188.12 0 0 0 0 3701.72 -35.6152 0 29.2868 
42800 51517.4 797.12 64.6345 0 0 212.8 201.24 0 0 0 0 3705.68 -34.0414 0 32.3912 
42900 38610.6 786.08 48.781 0 0 209.88 198.76 0 0 0 0 3709.52 -31.0725 0 32.7735 
43000 45541.1 783.68 58.0523 0 0 208.96 198.44 0 0 0 0 3714.52 -28.9776 0 34.4834 
43100 38636.8 772.52 50.0907 0 0 205.64 193.88 0 0 0 0 3718.84 -28.5956 0 36.3591 
43200 37817.9 753.8 50.3449 0 0 200.44 190.76 0 0 0 0 3723.16 -29.8796 0 36.5991 
43300 47077.8 752.08 62.8146 0 0 200.24 191.88 0 0.04 0 0 3728.16 -33.1724 0 35.021 
43400 38175.4 763.76 51.697 0 0 199.24 180.4 0 0 0 0 3732.76 -31.7385 0 35.756 
43500 36620.8 844.6 47.345 0 0 187.04 168.16 0 0 0 0 3737.48 -24.9625 0 35.6333 
43600 38781.4 767.68 52.5115 0 0 188.76 175.64 0 0.08 0 0 3742.84 -22.0183 0 34.6939 
43700 40152.3 687.84 58.3663 0 0 184.2 175.08 0 0 0 0 3747.52 -21.5916 0 36.0053 
43800 33260.2 663.52 50.4233 0 0 179.88 166.96 0 0.04 0 0 3753.04 -19.5467 0 35.6246 
43900 43950.1 676.68 64.8295 0 0 180.8 171.68 0 0 0 0 3758.32 -21.6765 0 34.0741 
44000 35831 678.6 52.8387 0 0 180.24 167.4 0 0.04 0 0 3763.44 -20.181 0 33.2153 
44100 41448 686.52 60.4649 0 0 184.44 175.52 0 0.04 0 0 3769.28 -20.8047 0 33.0256 
44200 25862.1 659.44 39.4082 0 0 176.96 166.6 0 0 0 0 3774.32 -21.4098 0 32.9338 
44300 34416.6 646.4 53.32 0 0 173 164 0 0.24 0 0 3780.64 -21.4377 0 33.1818 
44400 38087.7 631.2 60.762 0 0 168.68 160.96 0 0 0 0 3786 -19.1138 0 34.0865 
44500 31970.6 589.84 54.8549 0 0 157.84 151.2 0 0 0 0 3792.44 -18.7062 0 35.3787 
44600 30598.4 559.84 54.5695 0 0 149.36 142.92 0 0 0 0 3798.24 -21.8601 0 36.1108 
44700 28856 535.48 53.916 0 0 142.56 136.56 0 0.08 0 0 3804.72 -22.3274 0 34.4093 
44800 33423.4 575.76 60.2522 0 0 141.32 136.28 0 0.04 0 0 3811.88 -20.2475 0 35.1083 
44900 22811.2 489.76 45.8069 0 0 128.92 123.2 0 0.04 0.04 0 3818.48 -18.037 0 35.4635 
45000 26742.4 504.68 53.0556 0 0 134.52 127.96 0 0 0 0 3825.68 -18.0357 0 34.7171 
45100 24607.4 494.2 49.5996 0 0 131.64 124.44 0 0.04 0 0 3833.56 -16.873 0 34.9481 
45200 28001.3 477.56 58.5582 0 0 127 121.24 0 0 0 0 3840.4 -13.9549 0 35.5804 
45300 26997.8 441.72 60.7643 0 0 120.16 109.8 0 0.04 0.04 0 3847.68 -14.9837 0 35.6352 
45400 25505 442.92 57.5412 0 0 116.04 107.52 0 0.08 0 0 3855.56 -14.8363 0 35.5943 
45500 26549.8 426.36 62.3039 0 0 113.68 107.76 0 0.08 0 0 3863.2 -13.8593 0 36.4095 
45600 20049.6 393.16 51.0794 0 0 104.8 100.32 0 0 0 0 3871.8 -11.733 0 36.4956 
45700 20090.2 407.44 49.1032 0 0 108 103.52 0 0.08 0 0 3880.52 -13.7097 0 37.2018 
45800 18190.3 392.12 46.1562 0 0 105.16 99.72 0 0.16 0 0 3891.2 -14.7635 0 35.2695 
45900 22903 387.16 59.1014 0 0 102.64 98.72 0 0.08 0 0 3900.32 -10.6531 0 35.3896 
46000 23680 384.56 61.5994 0 0 101.6 97.4 0 0.04 0.04 0 3909.28 -12.0049 0 34.93 
46100 20938.2 381.24 54.8001 0 0 99.36 93.36 0 0 0 0 3917.72 -8.87418 0 34.9161 
46200 18712.3 381.24 48.9538 0 0 101.48 97.2 0 0 0 0 3927.24 -3.43213 0 34.7464 
46300 20672 380.64 54.2099 0 0 99.92 94.04 0 0 0 0 3936.8 0.0991945 0 36.1082 
46400 21251.2 384.2 55.222 0 0 101.8 96.56 0 0 0 0 3946.28 -0.430616 0 35.7219 
46500 17127.7 376.08 45.3894 0 0 99.68 91.68 0 0 0 0 3956.2 1.51985 0 34.9767 
46600 20249.9 377.48 53.0041 0 0 101.6 93.92 0 0.04 0.04 0 3966 2.95108 0 33.9031 
46700 21876.5 385.36 56.6563 0 0 99.88 96.16 0 0.04 0 0 3975.6 5.76094 0 32.6127 
46800 23541.8 385.88 61.0578 0 0 101.64 97.96 0 0 0 0 3984.92 2.12212 0 32.4549 
46900 19357.1 382.08 50.0964 0 0 99.6 96.32 0 0.04 0.04 0 3994.16 3.26764 0 32.4386 
47000 19632 386.36 50.8441 0 0 101.8 98.68 0 0 0 0 4004.48 5.62247 0 32.6679 
47100 22278.4 382.16 58.1501 0 0 99.96 95.44 0 0 0 0 4012.96 3.01489 0 33.2284 
47200 20665.6 383.92 53.7531 0 0 100.08 97.12 0 0.04 0 0 4022.52 3.30266 0 34.0303 
47300 17124.8 377.28 44.6549 0 0 99.56 94.52 0 0 0 0 4031.08 6.55336 0 33.8886 
47400 22316.2 394.76 56.7709 0 0 101.52 98.24 0 0.16 0.08 0 4041.76 4.41354 0 33.3223 
47500 21658 382.875 56.4263 0 0 99.3333 95.6667 0 0 0 0 4049.96 3.43926 0 34.3439 
47600 22544.6 390 57.7782 0 0 102 98.6 0 0 0 0 4058.6 1.61155 0 35.1912 
47700 15220.5 397.96 38.6569 0 0 100 90.4 0 0.16 0.08 0 4067.24 2.10301 0 34.7443 
47800 19872 386.44 51.31 0 0 100.08 94.36 0 0.08 0.04 0 4078.44 7.32068 0 33.0686 
47900 16279 390.174 41.7781 0 0 102 97.6957 0 0 0 0 4089.17 5.28494 0 32.8795 
48000 18522.2 389.24 47.6258 0 0 101.88 97.04 0 0.04 0.04 0 4099.88 3.48442 0 31.5362 
48100 17434.9 390.88 44.6199 0 0 102 97.84 0 0 0 0 4109.52 -5.2041 0 29.9795 
48200 21332.5 390.2 54.6293 0 0 101.68 97.36 0 0.24 0.08 0 4119.44 -10.6478 0 30.5989 
48300 20922.9 398.2 52.7822 0 0 101.44 97.32 0 0.12 0.04 0 4128.08 -9.22186 0 33.3438 
48400 21006.1 390 53.9102 0 0 101.2 96.44 0 0.24 0.12 0 4136.76 -11.5165 0 35.3265 
48500 21026.6 386.6 54.1083 0 0 101.08 94.72 0 0.08 0 0 4144.88 -13.565 0 36.2696 
48600 22467.8 387.88 57.9083 0 0 100.96 96.84 0 0 0 0 4154.56 -6.25709 0 36.7054 
48700 21317.2 414.2 52.6899 0 0 101 96.64 0 0.08 0 0 4163.24 -6.57187 0 37.1915 
48800 20988.2 377.16 55.3933 0 0 98.8 92.36 0 0.04 0 0 4172.24 -7.04849 0 36.9067 
48900 19312.1 384.042 50.3402 0 0 100.917 96.4167 0 0 0 0 4181.71 -11.6567 0 35.5827 
49000 19194.2 378.72 50.5941 0 0 101.12 95.56 0 0 0 0 4191.36 -10.8428 0 35.6058 
49100 24268.8 376.92 64.1787 0 0 99 94.8 0 0.2 0.04 0 4200.88 -12.0593 0 35.5418 
49200 13779.5 381.76 36.0874 0 0 101.04 96.84 0 0.04 0 0 4210.92 -15.4142 0 34.4198 
49300 19641.6 378.36 51.8521 0 0 99.24 94.76 0 0 0 0 4221.12 -8.74031 0 33.7179 
49400 20011.5 409.4 49.5285 0 0 101.48 94.6 0 0 0 0 4230.72 -7.62492 0 32.7032 
49500 21997.8 384.8 57.2082 0 0 101 96.96 0 0 0 0 4241.72 -10.2932 0 32.246 
49600 22937.6 379.84 60.2896 0 0 99.24 95.48 0 0.08 0.08 0 4250.68 -12.5838 0 32.7682 
49700 21297.9 370.12 57.0423 0 0 99.08 89.44 0 0.2 0.16 0 4260.16 -14.5281 0 33.4432 
49800 15523.8 380.8 40.6423 0 0 101.12 96.32 0 0.04 0.04 0 4269.4 -20.7212 0 33.3946 
49900 22046.4 389.32 57.213 0 0 100.68 95.64 0 0.16 0.08 0 4279.84 -21.2282 0 34.5098 
50000 16913.6 373.76 45.435 0 0 99.2 93.6 0 0.04 0 0 4288.76 -17.2501 0 35.6243 
50100 23614.7 377.4 62.6376 0 0 101 95.64 0 0.12 0.04 0 4298.56 -19.0848 0 35.8059 
50200 20001.9 349.76 57.3083 0 0 96.2 88.28 0 0 0 0 4308.28 -26.733 0 35.149 
50300 18877.8 359.04 52.4018 0 0 95.88 87.52 0 0.16 0.08 0 4319.44 -28.6217 0 35.2696 
50400 21890.6 364.28 60.0784 0 0 97.8 92.64 0 0.2 0 0 4328.92 -28.5431 0 35.1389 
50500 18319.7 391.68 48.7965 0 0 97.72 92.8 0 0 0 0 4338.24 -25.2287 0 34.9684 
50600 23002.9 364.76 63.0201 0 0 97.6 93.04 0 0.04 0.04 0 4348.32 -23.4393 0 34.7741 
50700 22007.5 361.88 60.7972 0 0 97.32 92.28 0 0 0 0 4357.36 -18.1346 0 35.9139 
50800 18008.3 363.72 49.5154 0 0 97.32 92.52 0 0.2 0.08 0 4367.76 -22.6548 0 35.4174 
50900 20940.8 361.48 58.0123 0 0 97 90.8 0 0 0 0 4379.88 -22.777 0 34.4904 
51000 14592 367.04 39.6638 0 0 97.28 92.64 0 0.08 0.04 0 4391.68 -25.1187 0 32.7687 
51100 13050.3 364.64 35.9411 0 0 97.2 91 0 0.08 0 0 4403.08 -20.3299 0 31.4077 
51200 21681.9 382 57.9985 0 0 97.56 91.24 0 0.04 0 0 4414.8 -21.5529 0 30.0303 
51300 19695.4 368.64 53.2657 0 0 97.64 91.08 0 0.08 0.04 0 4424.44 -19.852 0 30.4709 
51400 21929 372.04 59.0926 0 0 95.52 88.88 0 0 0 0 4434.28 -23.9691 0 31.4113 
51500 22149.1 369.56 59.9785 0 0 97.48 90.2 0 0.04 0 0 4443.76 -25.0558 0 32.3102 
51600 21950.1 372.08 60.1225 0 0 97 92.68 0 0.08 0 0 4453.96 -25.7581 0 33.4438 
51700 21251.8 364.84 58.2795 0 0 97 93.12 0 0.16 0.08 0 4464.2 -18.7867 0 34.3861 
51800 18679 360.32 51.6064 0 0 97.04 89.48 0 0 0 0 4473.96 -19.9113 0 34.207 
51900 21487.4 366.8 58.5812 0 0 97.32 93.24 0 0 0 0 4484.92 -22.2175 0 34.4944 
52000 20773.1 366.16 56.7779 0 0 95.48 91.52 0 0 0 0 4494.08 -22.7821 0 35.3066 
52100 24924.2 372.48 66.889 0 0 96.92 90.4 0 0 0 0 4502.88 -21.676 0 36.7116 
52200 39879.7 358.52 111.258 0 0 97.04 91.96 0 0.04 0.04 0 4519.12 -12.4149 0 41.2981 
52300 38576.3 361.04 106.84 0 0 97 92.84 0 0.08 0 0 4529.64 -11.7117 0 48.8388 
52400 34819.8 382.44 91.3772 0 0 95.08 89.08 0 0.16 0.12 0 4539.68 -10.2385 0 55.7893 
52500 44716.2 361.96 123.54 0 0 97 92.8 0 0.12 0.08 0 4549.84 -9.6193 0 61.9012 
52600 42197.1 361.24 116.624 0 0 95.12 91.6 0 0.08 0 0 4559.72 -10.2309 0 68.6142 
52700 38801 357.4 108.104 0 0 95.24 89.12 0 0.04 0.04 0 4569.16 -6.78243 0 68.7776 
52800 47902.7 364.16 131.548 0 0 97.88 93.56 0 0.04 0.04 0 4579.92 -3.46388 0 69.6969 
52900 42539.5 374.24 114.018 0 0 97.48 93.12 0 0.04 0.04 0 4589.24 -2.10864 0 69.7415 
53000 42155.5 357.92 117.412 0 0 95.24 90.96 0 0.04 0.04 0 4598.6 -4.64014 0 71.5034 
53100 34054.7 390.84 91.0993 0 0 95.44 89.48 0 0.12 0.04 0 4608.24 -7.30731 0 71.8152 
53200 47118.1 362.36 130.018 0 0 97.56 92.88 0 0.08 0.04 0 4617.92 -5.86803 0 76.1719 
53300 29886.7 368.4 82.1647 0 0 97.48 92.6 0 0 0 0 4627.12 -4.07754 0 74.2042 
53400 29732.2 364.76 81.4051 0 0 97.2 91.72 0 0.04 0 0 4638.56 -2.88605 0 71.6036 
53500 43519.8 366.72 119.641 0 0 97.6 91.48 0 0 0 0 4650.52 -2.55713 0 68.9288 
53600 37285.1 362.16 102.996 0 0 97.16 91.68 0 0.16 0.12 0 4659.96 -2.86438 0 68.4822 
53700 38236.2 359.52 106.271 0 0 97 90.76 0 0.08 0.08 0 4670.28 -2.50175 0 66.9918 
53800 37739.5 360.32 104.892 0 0 97.2 88.4 0 0 0 0 4680.16 -0.418722 0 67.6705 
53900 39872 359.84 110.861 0 0 97.36 89.92 0 0 0 0 4690.2 2.04894 0 68.9737 
54000 37372.2 391.48 102.963 0 0 95.84 86.6 0 0.04 0 0 4700.56 0.913596 0 70.3349 
54100 40641.3 357.2 113.73 0 0 97.2 90.96 0 0 0 0 4710.56 2.74036 0 67.8634 
54200 38231 348.24 109.69 0 0 95.12 87.4 0 0.16 0.12 0 4721.88 1.95604 0 66.1967 
54300 31254.4 405.12 77.5045 0 0 95.52 89.16 0 0.04 0 0 4731.96 4.33928 0 66.1088 
54400 38425.6 357.68 107.376 0 0 95.52 89.48 0 0.04 0.04 0 4742.44 5.20854 0 65.1942 
54500 37953.3 358.88 105.529 0 0 97.8 89.4 0 0 0 0 4753.12 0.284871 0 63.6072 
54600 28006.8 357.04 78.5621 0 0 96 87.44 0 0.04 0 0 4764.12 -3.64538 0 64.3653 
54700 34307.1 359.68 95.2436 0 0 97.92 91.16 0 0 0 0 4776.12 -3.33987 0 63.5792 
54800 42456.3 360.72 117.592 0 0 96.4 90.08 0 0 0 0 4786.04 -4.53494 0 64.6402 
54900 43242.2 362.56 118.966 0 0 96.72 91.68 0 0.12 0 0 4795.92 -5.05518 0 65.6857 
55000 30548.8 364.72 84.1586 0 0 98.28 94.24 0 0.08 0.04 0 4806.32 -1.86377 0 67.3472 
55100 40869.4 363.56 112.024 0 0 96.8 93.96 0 0 0 0 4818.4 -6.10978 0 66.2062 
55200 44608 366.44 121.436 0 0 99.28 94.72 0 0 0 0 4829.4 -9.88172 0 68.0435 
55300 41387.5 369.96 111.518 0 0 97.84 95.4 0 0 0 0 4838.8 -13.9957 0 68.1024 
55400 46205.4 370.16 124.512 0 0 100.52 95.88 0 0 0 0 4847.72 -13.4146 0 72.3264 
55500 32372.5 375.64 85.9469 0 0 100.92 98.36 0 0 0 0 4856.48 -15.3797 0 72.6367 
55600 37045.4 366.76 101.005 0 0 97.04 87.8 0 0.08 0.08 0 4866.2 -15.1754 0 75.7902 
55700 48093.3 376.458 127.083 0 0 99.1667 97.0833 0 0.0416667 0.0416667 0 4875.79 -23.0253 0 75.576 
55800 55238.1 382.24 144.568 0 0 102.16 99.44 0 0 0 0 4886.8 -25.8638 0 78.7486 
55900 48099.8 381 126.11 0 0 102.12 99.8 0 0.04 0 0 4896.36 -25.3655 0 80.4912 
56000 47109.1 379.44 124.047 0 0 102.56 99.52 0 0.08 0.04 0 4906.24 -27.3895 0 81.2226 
56100 48630.4 384.56 126.39 0 0 103.12 100.24 0 0.04 0 0 4926.16 -26.7528 0 84.3501 
56200 55544.3 385.72 144.129 0 0 103.32 100.52 0 0.04 0 0 4935.76 -27.1234 0 86.0959 
56300 34291.2 380.44 90.1053 0 0 101.12 98.12 0 0 0 0 4948.2 -32.4114 0 86.7233 
56400 43548.2 389.64 111.564 0 0 103.76 101.64 0 0 0 0 4952.56 -25.7678 0 81.3695 
56500 32070.4 390.2 82.0846 0 0 102.12 100.2 0 0 0 0 4962.08 -21.1272 0 79.0375 
56600 48596.5 405.88 127.922 0 0 99.88 95.92 0 0 0 0 4972.32 -22.4735 0 76.3135 
56700 76689.3 387.292 196.581 0 0 102.292 97.625 0 0.0416667 0 0 4985.71 -23.6353 0 81.4111 
56800 89981.4 420.4 222.814 0 0 100.32 95.36 0 0 0 0 4998.68 -22.0854 0 87.6538 
56900 80773.1 391.2 209.442 0 0 100.44 95.64 0 0.12 0.04 0 5008.48 -21.7454 0 105.216 
57000 86589.4 392.36 220.866 0 0 104.48 102.12 0 0.08 0 0 5017.24 -23.7599 0 118.439 
57100 97300.5 388.32 250.833 0 0 104.04 102.16 0 0 0 0 5026.56 -27.6671 0 131.62 
57200 88537.6 395.36 223.676 0 0 104.84 102.44 0 0 0 0 5034.6 -28.108 0 141.14 
57300 87265.3 389.4 223.523 0 0 103.12 98.68 0 0.04 0 0 5044.32 -30.4286 0 142.899 
57400 85927 383.64 222.856 0 0 103.28 98.6 0 0.04 0 0 5053.08 -25.2682 0 140.68 
57500 89681.9 370.36 243.537 0 0 101.8 98.08 0 0.04 0 0 5062.76 -28.0473 0 142.895 
57600 82548.5 390.2 212.006 0 0 105.08 102 0 0.04 0 0 5071.8 -30.691 0 142.187 
57700 98503.7 389.8 252.843 0 0 104.8 101.84 0 0.08 0 0 5081.36 -27.4088 0 140.711 
57800 85402.9 389.12 219.343 0 0 104.96 101.88 0 0 0 0 5090.52 -28.1351 0 145.169 
57900 77025.3 388.8 197.957 0 0 104.92 101.2 0 0 0 0 5099.8 -25.7702 0 145.123 
58000 101581 395.28 260.512 0 0 102.36 99.2 0 0.08 0.04 0 5109.6 -29.198 0 143.23 
58100 94464 386.24 244.788 0 0 104.36 100 0 0 0 0 5118.6 -29.5237 0 142.861 
58200 89518.1 383.88 233.263 0 0 104.08 99.4 0 0.08 0.04 0 5127.92 -31.5827 0 143.808 
58300 83456.6 385.36 216.352 0 0 104.68 100.08 0 0.04 0 0 5137.44 -30.7894 0 141.164 
58400 86881.3 387.72 224.222 0 0 105.04 100.16 0 0.04 0.04 0 5146.28 -26.1194 0 139.107 
58500 80190.7 389.28 205.578 0 0 105.44 100.6 0 0.04 0.04 0 5155.16 -28.176 0 141.237 
58600 99102.7 412.56 247.015 0 0 104.44 98.76 0 0.04 0.04 0 5164 -31.0733 0 142.226 
58700 66356.5 415 170.671 0 0 102.2 93 0 0.04 0.04 0 5172.52 -32.2712 0 141.392 
58800 75374.7 387.72 193.885 0 0 104.36 97.52 0 0.04 0.04 0 5182.6 -30.9533 0 136.467 
58900 90941.4 388.04 233.771 0 0 104.48 97.72 0 0.04 0.04 0 5192 -29.6828 0 137.237 
59000 65246.7 380.2 169.1 0 0 101.92 95.72 0 0 0 0 5200 -30.348 0 136.479 
59100 88404.5 379.68 232.435 0 0 101.92 96.16 0 0.16 0.12 0 5211.44 -30.2595 0 134.674 
59200 87306.2 388.72 224.626 0 0 103.96 99.6 0 0 0 0 5220.4 -36.2676 0 135.374 
59300 92211.2 388.52 237.133 0 0 104.12 97.6 0 0.16 0.12 0 5230.16 -43.2325 0 138.847 
59400 92024.3 388.08 237.028 0 0 103.64 99.52 0 0 0 0 5239.52 -50.1839 0 141.103 
59500 83522.6 397.96 212.879 0 0 101.72 97.08 0 0 0 0 5247.88 -48.0312 0 141.714 
59600 62237.4 377.84 165.208 0 0 101.28 95.04 0 0.04 0 0 5257.32 -48.0698 0 145.397 
59700 90033.9 385.2 233.987 0 0 103.24 99.68 0 0 0 0 5267.08 -51.5194 0 141.472 
59800 83637.8 386.04 216.71 0 0 103.72 100.6 0 0.04 0 0 5277.04 -46.7017 0 143.607 
59900 81505.3 383.2 212.323 0 0 103.32 99.76 0 0.12 0.04 0 5286.32 -44.7252 0 142.568 
60000 76997.1 382.48 201.303 0 0 102.2 99.12 0 0 0 0 5295.16 -47.8983 0 143.04 
60100 86995.5 394.609 223.524 0 0 103.826 98.2174 0 0.0434783 0 0 5305.7 -51.2503 0 136.486 
60200 69218.6 382.24 180.491 0 0 103.36 99.4 0 0 0 0 5314.08 -48.9289 0 141.377 
60300 77465.6 387.28 199.913 0 0 103.4 100.28 0 0 0 0 5327.84 -50.7226 0 136.626 
60400 94917.3 387.25 245.238 0 0 103.458 100.542 0 0 0 0 5337.75 -53.8733 0 135.561 
60500 97100.8 388.12 250.219 0 0 103.48 100.36 0 0.08 0 0 5347.4 -55.9559 0 135.816 
60600 83957.8 382.2 218.347 0 0 101.64 92.88 0 0.04 0 0 5356.92 -49.7036 0 139.587 
60700 82434.6 395.36 207.925 0 0 104.68 101.4 0 0.08 0 0 5366 -48.0284 0 136.236 
60800 87381.8 394.2 221.704 0 0 104.36 100.84 0 0 0 0 5375.88 -49.8553 0 134.176 
60900 81399 396.2 205.17 0 0 105.08 98.44 0 0.04 0 0 5385.08 -50.8698 0 134.989 
61000 74179.8 396.76 186.281 0 0 105.28 99.64 0 0 0 0 5394.76 -50.8449 0 131.278 
61100 87573.1 401.36 218.128 0 0 106.48 100.36 0 0.04 0.04 0 5403.92 -50.8492 0 133.449 
61200 94336 402.28 234.774 0 0 106.8 100 0 0 0 0 5411.92 -54.373 0 135.954 
61300 85219.8 402.36 211.63 0 0 107.16 97.64 0 0 0 0 5420.36 -57.6655 0 144.902 
61400 87132.2 444.68 210.249 0 0 105.04 95.84 0 0 0 0 5429.24 -61.8154 0 140.236 
61500 94177.3 400.4 235.047 0 0 106.44 98.76 0 0 0 0 5438.2 -62.7246 0 142.696 
61600 90593.3 402.36 225.168 0 0 107.44 99.48 0 0.04 0.04 0 5445.84 -71.1528 0 140.704 
61700 90576.6 403.28 224.671 0 0 107.64 100.04 0 0.08 0 0 5455.12 -71.274 0 139.672 
61800 87654.4 391.44 223.163 0 0 107.88 97.08 0 0.04 0.04 0 5464.2 -68.1219 0 136.852 
61900 87863 403 217.707 0 0 107.96 101.08 0 0.08 0.04 0 5472.72 -64.1777 0 140.109 
62000 96186.9 399.28 240.193 0 0 105.88 97.72 0 0.04 0 0 5481.36 -63.542 0 139.937 
62100 91320.3 402.16 227.185 0 0 108.56 100.96 0 0 0 0 5490 -71.2014 0 135.616 
62200 85364.5 393.6 215.729 0 0 105.8 96.2 0 0.24 0.08 0 5499 -66.5254 0 137.426 
62300 67148.8 396.24 169.093 0 0 103.84 92.68 0 0.08 0 0 5507.6 -76.8738 0 134.61 
62400 96812.2 402.8 239.766 0 0 107.44 98.52 0 0 0 0 5518.24 -64.1256 0 129.939 
62500 73438.7 401.36 181.882 0 0 106.04 99.32 0 0.08 0.08 0 5527.48 -67.1333 0 129.759 
62600 87936.8 408.36 215.225 0 0 108.24 101.48 0 0.08 0.04 0 5536.72 -62.1179 0 136.198 
62700 71542.4 408.68 175.09 0 0 108.28 102.48 0 0.16 0.04 0 5546.72 -55.7964 0 127.112 
62800 59386.9 408.92 145.307 0 0 108.68 103.04 0 0 0 0 5557.32 -54.0548 0 125.979 
62900 58109.4 408.44 142.158 0 0 108.52 103 0 0.08 0 0 5569.32 -51.9423 0 122.9 
63000 81929 492.2 185.247 0 0 108.96 103 0 0.12 0.04 0 5580.08 -52.9789 0 123.394 
63100 91498.2 409.4 223.959 0 0 108.44 103.6 0 0 0 0 5589.72 -56.4639 0 119.436 
63200 93731.8 406.36 230.673 0 0 108.56 103.28 0 0.08 0.04 0 5598.28 -54.3737 0 125.595 
63300 78735.4 434 189.074 0 0 106.16 99.32 0 0.04 0.04 0 5606.96 -55.0434 0 127.913 
63400 85755.8 399.6 212.2 0 0 108.16 100.4 0 0.04 0 0 5616.76 -50.0497 0 135.716 
63500 97218.6 401.24 242.64 0 0 107.52 103 0 0.08 0.04 0 5626.64 -50.7393 0 135.44 
63600 93150.7 402.04 231.801 0 0 107.44 103 0 0 0 0 5634.12 -47.8215 0 137.605 
63700 84021.8 400.4 209.993 0 0 107 102.24 0 0.24 0.16 0 5643.16 -45.8732 0 138.247 
63800 99020.8 393.64 250.952 0 0 104.2 99.76 0 0 0 0 5651.92 -47.1352 0 141.23 
63900 92887 399.36 232.396 0 0 106.6 101.96 0 0.12 0.04 0 5660.6 -48.787 0 146.028 
64000 74861.4 392.32 190.311 0 0 103.84 97.68 0 0.04 0 0 5669.12 -46.9942 0 147.946 
64100 87452.2 392.44 221.495 0 0 103.68 98.08 0 0.08 0 0 5678.48 -45.79 0 146.925 
64200 88611.8 396.96 222.983 0 0 105.76 101.48 0 0 0 0 5687.32 -51.589 0 145.638 
64300 87869.4 392.72 224.04 0 0 104.68 99.68 0 0.08 0.04 0 5696.8 -45.8112 0 145.721 
64400 97894.4 392.4 249.409 0 0 104.52 99.56 0 0 0 0 5705.4 -43.7714 0 144.729 
64500 99348.5 390.76 254.483 0 0 104.16 100.08 0 0.08 0.04 0 5714.6 -37.2341 0 142.935 
64600 85008.6 391.84 217.493 0 0 104.12 100.24 0 0 0 0 5722.08 -40.2769 0 146.541 
64700 63708.8 405.2 160.41 0 0 102 98.4 0 0 0 0 5731.28 -33.8865 0 150.953 
64800 87166.1 393.4 220.824 0 0 104.28 100.12 0 0.04 0 0 5741.12 -35.5108 0 148.162 
64900 89968.6 399.08 225.515 0 0 105.08 101 0 0 0 0 5749.56 -35.5769 0 144.287 
65000 83639 395.92 210.324 0 0 102.88 98.72 0 0.12 0.04 0 5758.8 -38.1262 0 139.636 
65100 86231.5 398.48 215.352 0 0 103.08 99.96 0 0 0 0 5768.4 -34.1097 0 138.476 
65200 81163.2 401.56 202.316 0 0 105.16 102.32 0 0 0 0 5777.36 -35.3002 0 138.696 
65300 97684.5 406.56 240.288 0 0 106.76 101.04 0 0.08 0.04 0 5786.48 -32.5502 0 135.978 
65400 84935.7 408.52 208.282 0 0 105.12 99.88 0 0.08 0.08 0 5794.84 -31.4801 0 138.985 
65500 81925.1 492.72 188.052 0 0 105.84 101.92 0 0.12 0.04 0 5803.4 -36.4726 0 138.646 
65600 97638.4 444.32 236.892 0 0 104.36 100.96 0 0.16 0.04 0 5815.36 -44.6994 0 126.402 
65700 84858.9 395.36 215.041 0 0 103.52 100.28 0 0.04 0.04 0 5823.48 -43.0788 0 121.799 
65800 81303 391.96 207.541 0 0 102.76 99.44 0 0 0 0 5835.04 -46.1053 0 124.927 
65900 82762.2 394.56 208.864 0 0 102.24 99.16 0 0 0 0 5844.6 -50.9404 0 124.754 
66000 81159.7 410.68 201.784 0 0 107.76 99.92 0 0 0 0 5851.92 -51.6865 0 128.527 
66100 91161.6 405.52 225.396 0 0 103.12 98.96 0 0 0 0 5860.16 -53.4399 0 137.018 
66200 97026.6 409.44 237.18 0 0 103.88 101.6 0 0.04 0 0 5868.96 -53.5138 0 139.663 
66300 98611.2 407.8 241.208 0 0 103.92 99.36 0 0 0 0 5879.32 -53.6652 0 138.146 
66400 79308.8 404.44 196.386 0 0 101.6 98.72 0 0 0 0 5888.24 -52.6534 0 134.533 
66500 93696 399.84 233.796 0 0 103.76 98.64 0 0 0 0 5898.16 -53.7611 0 136.427 
66600 89347.8 415.52 216.944 0 0 102.08 99.08 0 0 0 0 5907.2 -48.2699 0 134.94 
66700 95603.8 398.72 239.839 0 0 103.28 99.32 0 0 0 0 5916.96 -53.3761 0 134.385 
66800 86222.7 398.12 216.569 0 0 103.44 99.28 0 0.12 0.04 0 5924.88 -56.0188 0 140.442 
66900 80758.1 394.16 202.408 0 0 101.48 95.72 0 0 0 0 5932.76 -52.4222 0 142.517 
67000 79008 399.2 197.616 0 0 104.28 100.08 0 0.16 0.04 0 5942.36 -52.2333 0 141.269 
67100 94705.9 399.52 236.969 0 0 104.64 100.36 0 0.08 0.04 0 5951.16 -50.1336 0 142.661 
67200 91412.5 398.2 229.574 0 0 104.52 100.52 0 0.04 0 0 5960.4 -40.4333 0 142.263 
67300 73733.1 393 186.568 0 0 99.68 94.16 0 0 0 0 5968.88 -43.1626 0 136.31 
67400 91015.7 396.8 231.911 0 0 103.48 99.16 0 0 0 0 5978.84 -47.9101 0 134.713 
67500 98352.6 395.36 248.733 0 0 104 99.76 0 0.16 0.12 0 5987.56 -44.9432 0 137.254 
67600 74250.2 378.4 192.557 0 0 99.28 93.52 0 0 0 0 5996.12 -44.697 0 138.717 
67700 90245.1 387 232.68 0 0 100.96 97.04 0 0.16 0.08 0 6006.2 -41.8462 0 139.117 
67800 74165.8 391.44 189.232 0 0 103.76 99.8 0 0 0 0 6015.12 -46.3102 0 142.084 
67900 102605 392.28 261.548 0 0 104.08 100.2 0 0 0 0 6024.44 -42.0033 0 142.345 
68000 84358.4 397.64 212.101 0 0 105.32 102.12 0 0.08 0 0 6033.64 -49.3592 0 139.267 
68100 92856.3 394.8 235.071 0 0 104.48 101.32 0 0.12 0.04 0 6043.32 -57.8176 0 140.581 
68200 75525.1 393.96 192.272 0 0 104.36 101 0 0.04 0 0 6052.28 -57.6085 0 141.391 
68300 95219.2 393.52 241.787 0 0 104.16 100.8 0 0 0 0 6061.16 -59.8483 0 142.844 
68400 74593.3 397.12 186.758 0 0 104.76 101.32 0 0.04 0.04 0 6069.56 -61.4243 0 147.303 
68500 82209.9 394.44 205.969 0 0 100.76 97.88 0 0.04 0.04 0 6079.08 -64.0445 0 145.346 
68600 84664.3 394.64 214.628 0 0 103.4 100.56 0 0.08 0 0 6088.08 -62.4324 0 142.892 
68700 96925.4 403.36 240.236 0 0 105.28 102.52 0 0.08 0 0 6097.8 -57.6192 0 139.458 
68800 78972.8 402.12 196.01 0 0 103.44 100.84 0 0 0 0 6107.6 -52.899 0 134.668 
68900 82542.7 398.48 207.509 0 0 101.2 96.8 0 0 0 0 6116.64 -51.8168 0 127.375 
69000 81850.9 403.44 202.33 0 0 105.6 103.48 0 0.04 0 0 6126.4 -51.3738 0 129.401 
69100 89454.1 400.24 223.729 0 0 104.92 102.88 0 0.08 0 0 6137.12 -52.7071 0 129.053 
69200 89086.7 409.68 223.265 0 0 104.68 100.24 0 0.08 0 0 6145.64 -52.8247 0 130.879 
69300 88937 400.88 221.832 0 0 105 102.72 0 0.04 0 0 6154.52 -53.3827 0 136.664 
69400 76928 393.88 194.605 0 0 102.56 98.04 0 0.04 0 0 6162.36 -56.7482 0 143.685 
69500 91029.8 400.48 226.964 0 0 104.88 101.92 0 0.08 0.04 0 6172.24 -56.8802 0 141.97 
69600 93286.4 388.72 239.136 0 0 101.84 97.28 0 0 0 0 6179.84 -55.5504 0 146.895 
69700 68375 404.36 168.33 0 0 106.12 102.4 0 0.12 0 0 6188.8 -55.1048 0 145.647 
69800 88166.4 394.96 220.43 0 0 103.92 98.4 0 0.04 0 0 6198.6 -57.4563 0 141.697 
69900 81248.6 401.96 202.293 0 0 105.6 101.32 0 0.12 0.08 0 6209.04 -61.0016 0 136.975 
70000 100925 398.44 252.748 0 0 103.2 98.56 0 0.08 0 0 6218.16 -63.5226 0 141.208 
70100 93143 396.68 234.3 0 0 102.88 97.96 0 0.12 0.04 0 6226.2 -65.4728 0 141.276 
70200 77452.8 397.16 195.068 0 0 104.52 98.56 0 0.08 0.04 0 6235 -62.4789 0 142.635 
70300 86850.6 392.04 218.621 0 0 102.8 95.72 0 0.08 0.04 0 6244.52 -67.038 0 141.455 
70400 89514.2 395.76 226.323 0 0 104.16 98.64 0 0.04 0 0 6253.52 -67.5832 0 143.725 
70500 97536 372.84 268.821 0 0 98.48 98.68 0 0 0 0 6262.2 -67.2145 0 143.76 
70600 84336 387.08 219.993 0 0 101.72 96.96 0 0.04 0 0 6270.72 -69.1053 0 139.361 
70700 58342.4 414.92 141.017 0 0 103.6 98.6 0 0.12 0 0 6279.56 -70.4151 0 133.84 
70800 73827 391.208 188.3 0 0 101.958 95.0833 0 0.0416667 0.0416667 0 6291.21 -70.0712 0 132.751 
70900 84405.8 375.28 225.1 0 0 96.88 90.24 0 0 0 0 6300.56 -76.3225 0 129.794 
71000 76697.6 381.72 200.942 0 0 99.92 93.52 0 0.08 0.08 0 6310.28 -77.5879 0 126.647 
71100 90613.8 383.72 236.172 0 0 100.72 96 0 0.08 0 0 6320.36 -82.0211 0 125.474 
71200 70185.6 397.12 175.834 0 0 102.36 99.48 0 0 0 0 6328.64 -83.1029 0 128.483 
71300 72801.3 374.24 191.646 0 0 97.44 91.36 0 0.12 0.12 0 6340.52 -84.247 0 129.783 
71400 76096 386.76 197.063 0 0 101.12 95.52 0 0 0 0 6349.76 -82.5201 0 134.466 
71500 84656.6 383.56 220.5 0 0 100.8 95.24 0 0 0 0 6358.72 -85.4351 0 135.72 
71600 73646.1 382.36 192.566 0 0 100.44 94.84 0 0.04 0 0 6367.32 -87.2472 0 138.048 
71700 94817.3 385.68 245.785 0 0 100.88 95.92 0 0.08 0.08 0 6377.88 -83.6345 0 138.427 
71800 77079.7 387.8 197.873 0 0 101.8 94.92 0 0 0 0 6387.48 -79.967 0 136.722 
71900 99655.7 391 254.876 0 0 102.04 97.32 0 0 0 0 6396.68 -83.5264 0 134.661 
72000 71032 386.375 183.84 0 0 99.7917 95.4167 0 0 0 0 6405.79 -83.1375 0 130.725 
72100 84468.8 390.28 216.384 0 0 101.76 97.32 0 0 0 0 6416.64 -78.7314 0 129.653 
72200 99655.7 389.84 255.635 0 0 101.76 97.32 0 0 0 0 6424.8 -77.2899 0 132.012 
72300 67874.6 387.88 175.296 0 0 101.48 97.52 0 0.16 0.08 0 6433.36 -79.9802 0 138.498 
72400 93163.5 386.44 241.143 0 0 101.24 97.84 0 0 0 0 6442.52 -80.6753 0 134.109 
72500 85747.2 385.24 222.544 0 0 101.04 97.52 0 0 0 0 6451.28 -80.6468 0 141.606 
72600 86412.8 381.52 225.032 0 0 99.16 93.48 0 0 0 0 6461.12 -77.4056 0 138.615 
72700 92041 387.28 237.459 0 0 101.68 96.96 0 0.04 0 0 6470.88 -79.2481 0 142.849 
72800 87818.2 384 228.643 0 0 101.12 96.68 0 0.04 0 0 6479.52 -79.6489 0 140.154 
72900 87288.3 383.56 227.615 0 0 101.12 96.64 0 0 0 0 6487.8 -81.786 0 148.021 
73000 89049.6 382.72 232.731 0 0 100.96 96.4 0 0.2 0.08 0 6496.32 -79.7947 0 143.03 
73100 82830.7 384.28 215.607 0 0 101.32 96.24 0 0 0 0 6506.32 -79.0277 0 148.125 
73200 74269.4 386.76 192.282 0 0 101.72 97.28 0 0 0 0 6515.16 -78.1736 0 143.343 
73300 94576.6 382.56 247.219 0 0 101 96.16 0 0.08 0.04 0 6525.36 -81.4535 0 138.642 
73400 88966.4 381.84 233.162 0 0 101.2 96.12 0 0.04 0 0 6534.44 -79.1511 0 134.025 
73500 98877.4 388.4 254.589 0 0 102.28 96.56 0 0.04 0 0 6543.84 -76.4022 0 137.82 
73600 79815.7 385.04 207.361 0 0 102.04 97.04 0 0.08 0.04 0 6552.68 -77.3386 0 137.746 
73700 82087.7 387.6 211.63 0 0 99.52 90.48 0 0 0 0 6560.36 -70.303 0 137.168 
73800 72867.8 414.16 180.716 0 0 104.16 91.88 0 0 0 0 6570.84 -72.4787 0 133.322 
73900 90503.7 400.76 225.811 0 0 104.76 99.12 0 0 0 0 6581.32 -72.5502 0 133.648 
74000 76341.8 396.84 191.656 0 0 104.88 94.88 0 0 0 0 6590.48 -78.0747 0 130.12 
74100 82549.8 397.4 207.861 0 0 104.4 97.64 0 0.08 0 0 6600.52 -79.4124 0 127.235 
74200 84792.3 397.92 213.222 0 0 104.4 98.24 0 0.16 0 0 6610.52 -78.5183 0 123.351 
74300 73922.6 393.6 187.818 0 0 102.36 96.24 0 0 0 0 6619 -76.9971 0 129.301 
74400 68741.1 407.96 166.028 0 0 104.2 100.8 0 0 0 0 6628.88 -73.5815 0 129.276 
74500 93132.8 394.96 234.233 0 0 103.24 99.24 0 0.08 0.08 0 6640.52 -77.0085 0 129.435 
74600 88693.8 399.92 221.885 0 0 105.08 101.08 0 0 0 0 6648.6 -80.2505 0 133.133 
74700 92359.7 399.72 231 0 0 104.84 100.8 0 0.2 0.08 0 6658.24 -80.0134 0 137.069 
74800 89026.6 397.16 224.1 0 0 104.44 99.92 0 0.04 0.04 0 6666.96 -79.0981 0 142.633 
74900 99242.7 394 251.875 0 0 103.917 99 0 0 0 0 6675.67 -77.0158 0 146.541 
75000 77735.8 393.32 197.766 0 0 103.72 98.76 0 0.04 0.04 0 6684.76 -74.8548 0 146.207 
75100 83429.1 395.08 211.064 0 0 103.8 98.6 0 0 0 0 6694.48 -75.5387 0 142.066 
75200 83558.4 397.6 210.386 0 0 104.04 98.68 0 0 0 0 6704 -77.9218 0 138.522 
75300 73244.2 393.16 184.837 0 0 101.92 96.72 0 0 0 0 6713.4 -77.2627 0 134.627 
75400 93293.4 396.36 235.3 0 0 103.64 98.68 0 0 0 0 6721.68 -75.7949 0 129.715 
75500 86476.8 405.72 216.433 0 0 104.32 97.88 0 0 0 0 6731.4 -76.2131 0 129.336 
75600 82957.6 398.84 207.711 0 0 104.48 99.04 0 0 0 0 6740.64 -78.5367 0 131.172 
75700 82750.7 389.44 211.746 0 0 101.88 91.92 0 0.04 0.04 0 6750.2 -76.0065 0 135.736 
75800 86246.4 397.8 216.888 0 0 104.52 97.04 0 0 0 0 6758.56 -78.5234 0 136.262 
75900 78368.6 397.84 196.933 0 0 105 99 0 0 0 0 6767.68 -81.1398 0 136.916 
76000 90135 396.16 227.484 0 0 104.48 98.96 0 0.04 0.04 0 6776.48 -81.2425 0 134.491 
76100 78853.8 389.2 202.103 0 0 103.6 96.16 0 0.12 0.12 0 6785.64 -81.9283 0 134.259 
76200 78937.6 399.4 197.681 0 0 102.88 98 0 0.04 0 0 6795 -84.9303 0 134.077 
76300 75194.9 392.28 191.256 0 0 101.8 94.04 0 0.08 0 0 6804.96 -85.9079 0 130.316 
76400 74430.7 392.16 190.67 0 0 102.04 97.56 0 0 0 0 6813.16 -84.2011 0 129.227 
76500 63927.7 383.84 168.715 0 0 101.88 95.2 0 0 0 0 6823.52 -84.8021 0 126.521 
76600 79674.9 391.12 204.082 0 0 100.96 95.76 0 0 0 0 6835.84 -81.0135 0 126.145 
76700 67568.6 382.08 175.725 0 0 99.76 92.6 0 0 0 0 6844.36 -81.2927 0 122.517 
76800 91404.8 386 236.36 0 0 101.92 94.84 0 0.2 0.08 0 6855.32 -81.8378 0 124.247 
76900 70123.5 383.36 182.701 0 0 99.96 92.8 0 0 0 0 6864.12 -79.2748 0 128.458 
77000 83420.8 388.48 214.685 0 0 102.2 96.56 0 0 0 0 6874.48 -82.7376 0 131.201 
77100 82822.4 389.16 212.91 0 0 101.88 96.32 0 0.08 0 0 6884.44 -83.8357 0 134.757 
77200 77552.6 400.04 199.153 0 0 101.96 94.68 0 0.12 0.08 0 6894.16 -81.5785 0 134.078 
77300 87695.4 387.48 225.285 0 0 101.88 94.72 0 0.04 0.04 0 6903.56 -84.1778 0 135.289 
77400 68466.9 388.72 176.264 0 0 101.92 96.44 0 0 0 0 6912.36 -83.9708 0 130.679 
77500 66493.4 374.12 177.345 0 0 100.28 91.48 0 0.08 0.04 0 6923.2 -84.0542 0 134.012 
77600 82903 384 215.967 0 0 100.92 95.72 0 0 0 0 6933.64 -82.8775 0 131.805 
77700 73916.2 384.52 191.919 0 0 100.92 95.36 0 0 0 0 6943.04 -79.4984 0 136.488 
77800 94571.5 385.48 245.363 0 0 101.24 95.68 0 0.04 0 0 6952.96 -80.9118 0 136.299 
77900 87082.2 382.6 226.765 0 0 101.88 92.68 0 0 0 0 6962.8 -80.2589 0 135.475 
78000 68087.7 381.88 178.617 0 0 100.04 91.28 0 0.08 0 0 6972 -84.848 0 135.435 
78100 81451.5 389.8 209.164 0 0 101.8 96.8 0 0.16 0.12 0 6983.6 -89.037 0 129.432 
78200 88297 390.56 225.992 0 0 102.04 97.04 0 0.08 0 0 6993.24 -90.8014 0 127.841 
78300 92613.1 391.44 236.495 0 0 102 97.68 0 0 0 0 7001.92 -91.8508 0 130.505 
78400 64714.2 386.76 167.332 0 0 102.16 95.48 0 0.04 0 0 7010.8 -95.9718 0 133.72 
78500 96384 392.52 245.518 0 0 102.4 97.52 0 0 0 0 7020.96 -100.025 0 133.816 
78600 78054.7 389.84 200.627 0 0 102 96.64 0 0.12 0.04 0 7030.32 -108.205 0 139.3 
78700 71965.4 385.56 185.029 0 0 101.72 93.24 0 0 0 0 7040.08 -108.403 0 133.134 
78800 85710.1 390.6 219.193 0 0 102.16 97.04 0 0 0 0 7051.04 -105.106 0 132.359 
78900 71845.1 385.64 183.476 0 0 100.4 95.44 0 0 0 0 7059.84 -106.133 0 130.509 
79000 65319.7 445.88 158.266 0 0 102.76 96.64 0 0.2 0.12 0 7071.36 -110.494 0 125.054 
79100 74679.7 391.88 190.442 0 0 103 96.88 0 0 0 0 7081.2 -109.768 0 121.005 
79200 59002.9 384.6 154.471 0 0 103.44 95.36 0 0.04 0.04 0 7091.88 -106.711 0 121.35 
79300 90849.3 391.08 232.364 0 0 103.64 98.24 0 0.16 0.12 0 7104.28 -107.311 0 115.25 
79400 91305 408.04 229.093 0 0 104.48 96.8 0 0 0 0 7113.24 -104.141 0 116.772 
79500 82062.1 393.2 208.349 0 0 104.56 98.36 0 0.08 0.04 0 7123.68 -104.479 0 121.446 
79600 89753.6 384.92 228.117 0 0 102.04 95.24 0 0.04 0.04 0 7133.84 -109.324 0 127.37 
79700 91934.7 406 231.004 0 0 104.24 97.24 0 0 0 0 7142.76 -111.124 0 134.94 
79800 101253 393.48 257.331 0 0 103.88 98.88 0 0.04 0 0 7151.24 -111.743 0 140.534 
79900 88215 404.24 222.518 0 0 101.64 96.76 0 0.04 0.04 0 7159.28 -110.222 0 143.467 
80000 67961.6 393.2 172.508 0 0 103.76 98.72 0 0.04 0.04 0 7168.08 -109.851 0 143.323 
80100 92979.2 395.96 234.703 0 0 104.52 99.24 0 0.04 0.04 0 7178.8 -113.146 0 141.003 
80200 85798.4 397.6 215.918 0 0 104.4 98.92 0 0.04 0.04 0 7186.32 -114.2 0 139.938 
80300 74566.4 397.2 187.844 0 0 104.2 98.24 0 0 0 0 7195.92 -114.765 0 139.295 
80400 87508.5 389.52 224.071 0 0 103.96 96.64 0 0.04 0.04 0 7206 -113.248 0 134.705 
80500 89497.6 396 223.018 0 0 102 96.6 0 0.04 0.04 0 7214.76 -110.057 0 133.705 
80600 92983 390.88 237.845 0 0 104.08 98.6 0 0.08 0 0 7225.48 -110.874 0 135.394 
80700 87631.4 385.24 226.85 0 0 101.6 96.76 0 0 0 0 7234.76 -111.493 0 136.38 
80800 86336 388.28 222.458 0 0 103.8 98.36 0 0 0 0 7243.88 -109.375 0 139.947 
80900 79901.4 387.68 206.171 0 0 103.8 98.08 0 0.08 0.04 0 7253.12 -110.533 0 142.198 
81000 86142.7 382.92 223.589 0 0 103.52 95.52 0 0.04 0 0 7262.52 -100.919 0 143.816 
81100 73633.3 396.6 188.08 0 0 104 95.72 0 0.08 0.04 0 7271.52 -96.2747 0 142.127 
81200 90722.6 381.4 237.484 0 0 102.76 96 0 0.12 0.04 0 7282.2 -97.647 0 137.054 
81300 67559.7 385.16 174.977 0 0 103.96 95.6 0 0 0 0 7291.04 -94.0728 0 133.437 
81400 79580.2 401.56 197.75 0 0 105.2 99.12 0 0.12 0.04 0 7302.2 -88.636 0 126.379 
81500 94279.7 393.44 239.652 0 0 105.12 99 0 0 0 0 7311.64 -92.7936 0 126.584 
81600 68660.5 463.52 174.252 0 0 104.88 94.76 0 0.08 0.04 0 7320.92 -91.7275 0 122.48 
81700 71873.3 388.4 184.298 0 0 104.72 95.32 0 0.04 0.04 0 7332.72 -79.5663 0 125.395 
81800 97466.2 393.08 248.017 0 0 104.4 99.08 0 0.16 0.12 0 7342.48 -78.6664 0 124.538 
81900 89664 392.92 227.898 0 0 102.28 94.56 0 0 0 0 7350.76 -81.5512 0 129.915 
82000 91904 393.64 233.462 0 0 103.88 98.48 0 0 0 0 7359.2 -86.4867 0 129.12 
82100 90987.5 383.24 236.932 0 0 102.4 96.16 0 0.04 0 0 7369.16 -92.2583 0 134.026 
82200 84974.1 420.32 207.794 0 0 105.28 97.88 0 0 0 0 7376.8 -87.6524 0 135.672 
82300 88524.8 389.6 226.356 0 0 102.88 96.2 0 0.12 0 0 7385.88 -89.6159 0 135.81 
82400 86449.3 395.167 219.466 0 0 104.5 100.333 0 0 0 0 7395.08 -96.072 0 137.465 
82500 79523.8 396.8 200.48 0 0 104.84 100.2 0 0.04 0.04 0 7404.16 -93.5017 0 141.264 
82600 95559.7 402.4 237.251 0 0 105.96 100.8 0 0.08 0.04 0 7411.68 -81.7609 0 144.949 
82700 74087 399.04 185.451 0 0 105.84 99.24 0 0 0 0 7420.72 -89.6652 0 143.606 
82800 70213.1 406.2 172.244 0 0 111.52 83.28 0 0.04 0 0 7428.44 -84.8604 0 136.164 
82900 60930.6 379.16 159.399 0 0 104.08 80.16 0 0 0 0 7438.8 -83.0616 0 133.255 
83000 87096.3 390.8 222.553 0 0 102 92.48 0 0 0 0 7450.76 -80.5644 0 128.776 
83100 91655.8 393.96 233.414 0 0 103.36 95.4 0 0.16 0.04 0 7460.52 -85.9378 0 128.682 
83200 81577 378.28 213.148 0 0 99 92.36 0 0.12 0.08 0 7469.12 -89.1142 0 131.733 
83300 81085.4 386.2 210.285 0 0 102.28 97.28 0 0 0 0 7478.72 -94.8454 0 140.469 
83400 72993.3 388.08 187.856 0 0 101.88 96.52 0 0.12 0.04 0 7488.56 -98.2759 0 140.382 
83500 79280.6 382.88 207.16 0 0 101.56 96.52 0 0.16 0 0 7499.32 -94.6191 0 139.339 
83600 83189.8 364.44 227.033 0 0 96.84 88.32 0 0.08 0 0 7509.08 -95.1555 0 136.696 
83700 71657.6 416.52 180.665 0 0 99.08 92.36 0 0.12 0 0 7518.84 -94.6814 0 132.324 
83800 81228.8 383.68 212.035 0 0 101.52 96.52 0 0 0 0 7528.64 -96.3189 0 131.938 
83900 90625.3 398.76 228.376 0 0 101.32 96.16 0 0.12 0.12 0 7538.2 -97.7572 0 130.97 
84000 84902.4 398 213.632 0 0 101.12 95.64 0 0 0 0 7547.32 -97.2452 0 136.474 
84100 78204.2 402.04 194.297 0 0 100.76 94.6 0 0.08 0.04 0 7555.84 -99.5672 0 131.209 
84200 84613.1 390.72 219.143 0 0 100.96 93.4 0 0.04 0.04 0 7565.64 -102.996 0 132.144 
84300 45109.8 434.6 116.994 0 0 98.24 84.24 0 0.04 0 0 7576.28 -102.854 0 126.162 
84400 76272.6 380.56 200.386 0 0 100.12 92.44 0 0 0 0 7589.32 -100.528 0 121.822 
84500 88145.9 367.16 237.608 0 0 98.68 88.88 0 0.12 0 0 7600.4 -101.486 0 115.142 
84600 80311 367.68 217.467 0 0 97.92 89.24 0 0.04 0.04 0 7609.44 -103.011 0 119.685 
84700 75420.2 376.76 200.191 0 0 99.8 92.8 0 0 0 0 7618.72 -94.0852 0 118.407 
84800 73198.1 373 196.144 0 0 100.12 91.32 0 0.16 0.04 0 7629.08 -94.7928 0 121.394 
84900 84480 379.52 222.22 0 0 100.76 94.08 0 0.12 0.08 0 7638.16 -98.4563 0 125.736 
85000 64558.1 410.4 161.609 0 0 98.92 88.96 0 0.04 0.04 0 7646.96 -98.1408 0 128.575 
85100 89830.4 402.16 229.468 0 0 101.24 94.88 0 0 0 0 7656.52 -97.9289 0 130.039 
85200 82407.7 383.56 214.599 0 0 101.72 95.24 0 0 0 0 7665.64 -98.4201 0 134.305 
85300 74380.7 380.84 195.578 0 0 101.52 94.32 0 0.04 0.04 0 7675.4 -99.765 0 136.04 
85400 90234.9 369.48 243.967 0 0 98.76 91.84 0 0.08 0.08 0 7686.76 -102.561 0 137.814 
85500 87889.9 412.6 216.982 0 0 108.32 94.08 0 0.08 0 0 7695 -102.123 0 137.464 
85600 80962.6 376.52 215.158 0 0 101.2 94.72 0 0.24 0.08 0 7705.76 -101.977 0 131.807 
85700 82682.9 376.8 219.607 0 0 101.08 94.56 0 0 0 0 7715.2 -97.5202 0 130.016 
85800 80593.2 376.52 213.985 0 0 100.84 93.48 0 0 0 0 7725.76 -99.1393 0 130.188 
85900 49440 371.84 131.72 0 0 98.64 89.8 0 0.04 0 0 7735.08 -95.1334 0 133.371 
86000 76170.2 368.32 206.312 0 0 98.72 88.32 0 0.12 0.04 0 7746.04 -98.4837 0 129.693 
86100 70352.6 377.36 186.626 0 0 101.04 93.68 0 0 0 0 7755.16 -98.4265 0 133.847 
86200 69007.4 373.6 185.413 0 0 101 93 0 0.16 0.08 0 7765 -98.8643 0 133.036 
86300 97525.8 380.4 256.368 0 0 100.8 95.24 0 0 0 0 7774.64 -99.722 0 135.757 
86400 78307.8 367.68 213.68 0 0 99.16 91.08 0 0.08 0.04 0 7783.84 -97.8953 0 135.735 
86500 89059.8 377.16 235.948 0 0 100.44 94.12 0 0.04 0 0 7793.16 -91.3587 0 140.467 
86600 79526.4 375.12 212.152 0 0 99.88 93.64 0 0.12 0 0 7802.48 -82.5456 0 143.444 
86700 76042.2 366.36 203.476 0 0 97.88 89.84 0 0.16 0.12 0 7812.32 -81.0911 0 141.657 
86800 75977 362.24 205.764 0 0 91.84 86.76 0 0 0 0 7821.4 -80.7767 0 139.463 
86900 82000.6 371.68 217.723 0 0 98.2 89.4 0 0.08 0.04 0 7832 -79.8253 0 136.999 
87000 71014.4 407.68 183.653 0 0 96 85.04 0 0.12 0 0 7842.36 -74.6428 0 134.295 
87100 68353.3 376.8 181.572 0 0 99.84 94.4 0 0 0 0 7853.52 -62.9454 0 125.915 
87200 83287 374.08 221.149 0 0 99.92 92.28 0 0.12 0.04 0 7864.2 -60.3891 0 129.429 
87300 85600 375.44 228.024 0 0 99.96 93.84 0 0.08 0.08 0 7874.48 -65.4347 0 129.454 
87400 86563.8 374.48 230.99 0 0 99.48 93.6 0 0 0 0 7883.72 -67.6413 0 132.712 
87500 85565.4 371.2 230.068 0 0 99.64 91.04 0 0 0 0 7892.64 -67.3643 0 137.437 
87600 88529.9 371.32 238.475 0 0 99.52 91.88 0 0 0 0 7901.6 -70.6656 0 142.238 
87700 73797.1 373.04 197.743 0 0 99.2 92.6 0 0.04 0.04 0 7911.76 -75.9759 0 137.362 
87800 82896 371.88 222.322 0 0 97.48 91.32 0 0 0 0 7921.76 -76.8787 0 136.568 
87900 88181.8 375 235.425 0 0 99.72 93.4 0 0 0 0 7931.84 -72.8006 0 135.42 
88000 91381.8 372.4 245.447 0 0 99.08 93 0 0 0 0 7940.64 -80.0516 0 135.338 
88100 81477.1 371.24 219.002 0 0 98.44 92.8 0 0.04 0 0 7950 -83.428 0 136.199 
88200 51184.6 370.2 138.234 0 0 98.36 92.08 0 0.12 0.08 0 7958.96 -80.2721 0 138.118 
88300 73242.9 364.88 199.124 0 0 96.28 90.76 0 0.08 0.04 0 7970.04 -78.2539 0 131.065 
88400 78093.4 368.44 212.373 0 0 98.08 92.52 0 0.04 0.04 0 7981.72 -77.3072 0 129.091 
88500 67325.4 367.92 182.429 0 0 99.04 91.68 0 0 0 0 7992.12 -77.338 0 123.629 
88600 88079.4 366.68 240.255 0 0 98.88 92.56 0 0 0 0 8002.68 -81.6495 0 124.894 
88700 90885.1 366.2 248.393 0 0 98.48 92.28 0 0 0 0 8012.2 -81.0811 0 127.448 
88800 86149.1 365.68 235.457 0 0 98.92 92.44 0 0.04 0 0 8021.56 -82.4653 0 136.981 
88900 89080.3 376.56 241.919 0 0 97.16 90.48 0 0.04 0.04 0 8030.84 -81.7645 0 142.901 
89000 95068.2 368.48 258.013 0 0 99.64 92.84 0 0.04 0.04 0 8040 -79.445 0 150.594 
89100 89118.7 364.12 244.445 0 0 99.32 90.32 0 0.08 0 0 8049 -77.1718 0 146.35 
89200 76565.8 359.96 210.963 0 0 98.92 89.76 0 0.12 0.08 0 8058.64 -72.9013 0 142.228 
89300 63365.1 355.12 178.011 0 0 94.52 85.24 0 0 0 0 8068.4 -74.1682 0 141.581 
89400 73809.9 387.44 203.824 0 0 96.48 87.72 0 0 0 0 8079.72 -73.7193 0 132.445 
89500 88330.2 360.36 245.185 0 0 98.56 91.72 0 0.08 0.04 0 8090.28 -74.2995 0 129.527 
89600 76538.9 360.32 212.525 0 0 98.6 92.88 0 0.04 0.04 0 8101.8 -76.0725 0 131.867 
89700 82865.6 359.88 229.672 0 0 98.88 91.8 0 0 0 0 8112.84 -74.9478 0 133.926 
89800 94249 358.36 262.978 0 0 98.24 92.04 0 0.04 0 0 8122.32 -73.5712 0 135.446 
89900 79262.7 358.56 220.845 0 0 98.08 91.72 0 0 0 0 8131.24 -64.6895 0 144.645 
90000 82126.8 352.48 230.56 0 0 92.8 85.8 0 0 0 0 8141.76 -58.4442 0 144.16 
90100 75445.8 361.64 208.803 0 0 97.96 91.04 0 0.08 0.08 0 8151.56 -55.7785 0 142.598 
90200 83248.6 357.84 232.621 0 0 97.8 91.8 0 0.08 0.04 0 8162.44 -51.7124 0 145.372 
90300 62013.4 345.64 179.503 0 0 93.96 83.24 0 0.04 0.04 0 8171.76 -51.9714 0 143.821 
90400 75221.8 358.04 210.032 0 0 97.88 90.88 0 0.08 0.04 0 8182.48 -45.53 0 133.344 
90500 80596.5 353.92 227.198 0 0 97.56 87.4 0 0.12 0.04 0 8192.24 -51.3583 0 134.621 
90600 76480 354.48 215.229 0 0 97.48 87.24 0 0 0 0 8201.96 -51.5962 0 138.172 
90700 82329.6 356.52 231.407 0 0 97.48 89.64 0 0 0 0 8211.96 -56.5695 0 137.521 
90800 75520 349.6 215.288 0 0 95.04 87.36 0 0.04 0 0 8222.96 -63.416 0 130.969 
90900 58271.4 351.84 165.861 0 0 97.08 88.56 0 0.04 0 0 8234.52 -62.2498 0 133.718 
91000 82951.7 355.96 232.975 0 0 97.16 90.76 0 0.04 0 0 8246.4 -61.0975 0 133.998 
91100 85149.4 340.96 249.64 0 0 96 86.68 0 0.04 0.04 0 8255.96 -57.4403 0 133.654 
91200 75384.3 344.84 218.108 0 0 92.84 86.48 0 0.12 0 0 8265.76 -55.9953 0 135.167 
91300 65409.3 347.48 188.18 0 0 95.6 88.08 0 0.04 0.04 0 8276.64 -58.2412 0 142.212 
91400 65906.6 356.12 188.299 0 0 95.6 85.52 0 0 0 0 8287.08 -57.6419 0 140.65 
91500 78415.4 336.76 232.962 0 0 94.08 83.28 0 0.04 0 0 8298.6 -59.2569 0 136.06 
91600 64076 368.36 178.473 0 0 91.84 83.36 0 0.08 0.04 0 8309.84 -55.8632 0 133.604 
91700 73820.2 389.64 205.548 0 0 91.68 84.12 0 0 0 0 8320.96 -57.5817 0 129.366 
91800 64398.3 353.375 182.532 0 0 96.4167 88.9583 0 0 0 0 8331.08 -58.5466 0 124.498 
91900 75586.6 421.72 203.841 0 0 93.84 87.2 0 0.04 0.04 0 8341.56 -61.032 0 128.459 
92000 85452.8 356.08 239.952 0 0 97.4 89.68 0 0.04 0 0 8352.28 -57.4506 0 130.057 
92100 66677.8 376.92 184.516 0 0 94.76 88.32 0 0.04 0 0 8363.04 -59.89 0 130.772 
92200 83245.4 349.72 238.023 0 0 95.56 88.52 0 0.04 0.04 0 8375.08 -61.9645 0 133.853 
92300 65145.6 354.36 182.714 0 0 97.08 87.8 0 0.32 0.2 0 8384.6 -66.8824 0 135.719 
92400 83773.4 363.8 230.341 0 0 97.24 90 0 0.16 0.04 0 8394.32 -68.7585 0 134.358 
92500 77301.8 359.76 215.023 0 0 96.64 90.96 0 0.08 0 0 8403.44 -70.2692 0 133.994 
92600 65625 359.4 184.575 0 0 94.72 88.12 0 0.12 0.08 0 8414.96 -73.3953 0 131.328 
92700 66946.6 350.48 190.787 0 0 94.28 86.04 0 0 0 0 8427.12 -73.0969 0 125.464 
92800 75333.8 349.76 214.94 0 0 93.72 86.44 0 0.12 0.08 0 8437.44 -75.9926 0 128.1 
92900 67479 350.28 193.223 0 0 94.24 87.56 0 0 0 0 8446.92 -74.7797 0 131.489 
93000 78878.7 350.08 224.611 0 0 93.76 86.68 0 0 0 0 8457.04 -74.4125 0 133.594 
93100 89313.3 354.96 251.574 0 0 96.08 89 0 0.04 0 0 8467.8 -71.032 0 136.976 
93200 75557.1 356.68 211.346 0 0 96.8 89.16 0 0.04 0.04 0 8477 -69.201 0 141.582 
93300 75595.5 356.6 208.999 0 0 93 84.36 0 0.08 0.04 0 8487.48 -70.8164 0 140.85 
93400 81679.4 379.6 224.422 0 0 94.56 85.84 0 0.04 0 0 8497.68 -70.2678 0 140.81 
93500 74237.4 350.04 212.242 0 0 96.64 87.84 0 0.12 0.08 0 8506.24 -74.7485 0 136.7 
93600 77844.5 356.56 218.418 0 0 96.88 89.68 0 0.04 0.04 0 8517.52 -76.7769 0 137.508 
93700 80404.5 364.76 225.655 0 0 96.96 88.04 0 0 0 0 8527.48 -80.4386 0 135.84 
93800 68942.1 354.44 194.415 0 0 97.32 90.28 0 0 0 0 8538.16 -76.9114 0 135.056 
93900 81029.1 354.04 227.603 0 0 95.84 87.12 0 0 0 0 8548.64 -79.3085 0 130.309 
94000 79109.1 351.28 226.569 0 0 95.16 87.56 0 0 0 0 8558.84 -77.9485 0 132.75 
94100 79150.7 354.96 222.576 0 0 96.16 89.68 0 0 0 0 8568.6 -70.4703 0 134.882 
94200 82334.7 361.84 227.476 0 0 98.84 92.28 0 0 0 0 8578.32 -68.7027 0 140.659 
94300 78607.4 363.68 216.083 0 0 99.16 93.04 0 0.04 0.04 0 8587.96 -68.2912 0 140.753 
94400 70798.9 357.56 196.055 0 0 98.28 90.28 0 0.04 0 0 8598.24 -60.5545 0 142.97 
94500 86297.6 359.8 240.031 0 0 98.04 91.52 0 0 0 0 8607.8 -62.4721 0 145.446 
94600 78707.2 356.68 220.339 0 0 97.12 90.8 0 0.04 0 0 8616.64 -62.3609 0 144.01 
94700 84188.8 356.52 235.256 0 0 97.48 89.52 0 0.08 0.08 0 8626.64 -67.0353 0 143.909 
94800 69041.9 361.76 193.652 0 0 98.24 91.56 0 0 0 0 8635.52 -66.5095 0 145.901 
94900 63434.9 373.04 170.472 0 0 101.16 92.64 0 0 0 0 8646.16 -63.3875 0 147.847 
95000 76419.2 391.36 193.092 0 0 103.44 96.68 0 0.04 0 0 8654.72 -66.1552 0 145.351 
95100 70743 380.52 188.64 0 0 102.92 96.56 0 0 0 0 8664.44 -67.2923 0 140.976 
95200 89354.2 370.52 240.931 0 0 101.48 95.72 0 0 0 0 8675.72 -70.1869 0 135.572 
95300 68362.2 370.2 184.483 0 0 101.92 95.04 0 0 0 0 8687 -68.7668 0 133.831 
95400 84462.1 377.64 225.53 0 0 100.12 92.88 0 0 0 0 8697.52 -63.338 0 133.448 
95500 87281 382.8 230.769 0 0 105.2 99.12 0 0 0 0 8706.6 -61.6942 0 135.511 
95600 82416.6 371.6 222.303 0 0 102.32 96.56 0 0.12 0.08 0 8716.36 -60.6455 0 139.817 
95700 85137.3 369.32 230.236 0 0 101.92 95.84 0 0 0 0 8725.6 -66.2587 0 143.916 
95800 94085.1 372.36 252.613 0 0 102.36 97.76 0 0.04 0 0 8735.84 -65.4277 0 146.979 
95900 84756.5 371.96 227.785 0 0 102.32 97.36 0 0 0 0 8744.6 -65.2845 0 148.609 
96000 72473.6 371.16 194.879 0 0 100.6 95.44 0 0.08 0.04 0 8753.76 -71.5995 0 146.697 
96100 88131.2 373.48 236.091 0 0 102.6 97.2 0 0.04 0 0 8764.6 -66.473 0 144.081 
96200 76861.1 373.88 205.47 0 0 102.76 94.88 0 0 0 0 8772.96 -73.3443 0 139.965 
96300 89958.4 367.24 244.869 0 0 102.64 95.2 0 0.04 0.04 0 8782.76 -62.7361 0 138.713 
96400 92098.6 370.76 248.463 0 0 102.84 97.76 0 0.04 0 0 8792.76 -51.2234 0 136.187 
96500 74346.7 374.583 198.747 0 0 101.167 96.0833 0 0.0416667 0 0 8802 -50.7151 0 134.074 
96600 79818.3 394.52 208.054 0 0 101.4 94.96 0 0.04 0 0 8812.56 -48.3759 0 129.574 
96700 80213.9 442.12 210.735 0 0 101.72 90.2 0 0.04 0 0 8823.2 -47.9793 0 128.95 
96800 72027.5 372.44 193.018 0 0 103.68 99.28 0 0.12 0 0 8833.44 -45.6197 0 131.337 
96900 79980.2 374 213.798 0 0 103.44 99.12 0 0.08 0.08 0 8843.84 -44.7246 0 130.654 
97000 75910.4 371.92 203.922 0 0 102.72 98.24 0 0 0 0 8853.36 -46.7908 0 131.478 
97100 91896.3 370.28 248.304 0 0 102.28 97.48 0 0 0 0 8863.88 -48.8138 0 137.702 
97200 84997.1 364.92 233.359 0 0 100.96 96.08 0 0.04 0.04 0 8873.48 -50.0333 0 142.543 
97300 85031.7 369.44 230.572 0 0 101.32 96.48 0 0.16 0.08 0 8883.64 -47.4964 0 138.321 
97400 80736 371.96 217.06 0 0 101.56 96.04 0 0.08 0 0 8893.12 -41.6834 0 140.711 
97500 77897 370.88 210.113 0 0 101.36 95.6 0 0.04 0 0 8902.48 -38.5955 0 146.599 
97600 82078.1 362.4 225.68 0 0 99.16 91.2 0 0.04 0.04 0 8912.6 -43.0555 0 143.54 
97700 88961.3 371.72 239.172 0 0 101.32 94.24 0 0.24 0.08 0 8922.52 -46.2274 0 140.96 
97800 61568 373.44 165.708 0 0 101.64 95.48 0 0.08 0.08 0 8932.44 -45.1397 0 136.409 
97900 75211.5 361.28 208.338 0 0 98.16 91.2 0 0.04 0 0 8943.04 -40.7232 0 136.15 
98000 87933.4 363.04 242.214 0 0 100.6 93.12 0 0 0 0 8952.96 -43.6259 0 132.627 
98100 88227.8 356.44 246.294 0 0 98.96 89.88 0 0.12 0 0 8961.76 -42.8133 0 141.057 
98200 81816.3 362.12 225.313 0 0 99.52 90.68 0 0 0 0 8970.8 -44.9945 0 142.957 
98300 81879 370.32 221.428 0 0 102.2 94.84 0 0.04 0 0 8981.28 -48.5593 0 147.219 
98400 77066.2 373.12 206.455 0 0 102.36 95.08 0 0.04 0 0 8990.48 -50.3887 0 146.491 
98500 83479.7 373.88 223.528 0 0 102.24 94.72 0 0 0 0 8999.52 -51.7913 0 146.197 
98600 85820.2 374.24 229.17 0 0 102.36 94.56 0 0.04 0.04 0 9009.52 -52.8921 0 142.856 
98700 63604.3 369.64 171.811 0 0 102.24 92.76 0 0 0 0 9018.8 -56.6185 0 138.654 
98800 85664 375.48 227.901 0 0 102.16 94.92 0 0.08 0 0 9029.04 -57.9385 0 137.371 
98900 66462.7 370.2 179.601 0 0 102 94.04 0 0 0 0 9039.92 -61.6493 0 136.111 
99000 58445.7 368 159.225 0 0 101.6 92.92 0 0.08 0.08 0 9049.76 -55.1956 0 136.541 
99100 81001 367.52 220.249 0 0 101.32 93.24 0 0.08 0 0 9060.84 -57.7488 0 132.627 
99200 57187.8 359.44 159.549 0 0 99.4 89.68 0 0.04 0.04 0 9071.28 -50.7452 0 130.505 
99300 78051.8 397.04 204.68 0 0 99.6 90.8 0 0.04 0.04 0 9083.32 -43.1087 0 130.131 
99400 72158.7 375.48 192.273 0 0 101.88 94.16 0 0 0 0 9093.6 -41.967 0 128.382 
99500 67840 375.72 180.537 0 0 101.6 93.72 0 0 0 0 9105.36 -39.0577 0 123.479 
99600 78423 368.88 211.728 0 0 100.6 89.8 0 0.12 0 0 9116.28 -42.0009 0 121.691 
99700 72582.4 377.36 192.472 0 0 101.48 93.84 0 0.12 0 0 9126.8 -40.2873 0 125.557 
99800 76989 371.36 207.39 0 0 99.92 92.2 0 0.16 0.08 0 9136.48 -40.4533 0 128.357 
99900 90992.6 366.48 247.756 0 0 100.04 90.72 0 0.08 0.04 0 9146.6 -36.0666 0 128.194 
100000 81664.6 371.2 220.329 0 0 99.72 91.96 0 0 0 0 9155.56 -35.2395 0 134.308 
