100 0
200 1
300 2
400 3
500 4
600 6
700 6
800 8
900 9
1000 10
1100 11
1200 12
1300 13
1400 14
1500 15
1600 16
1700 17
1800 18
1900 18
2000 20
2100 21
2200 22
2300 22
2400 24
2500 25
2600 26
2700 27
2800 28
2900 29
3000 30
3100 31
3200 31
3300 32
3400 33
3500 34
3600 35
3700 36
3800 37
3900 38
4000 39
4100 40
4200 41
4300 41
4400 42
4500 43
4600 44
4700 45
4800 46
4900 47
5000 48
5100 49
5200 50
5300 51
5400 52
5500 53
5600 54
5700 55
5800 56
5900 57
6000 57
6100 58
6200 60
6300 61
6400 62
6500 63
6600 64
6700 65
6800 66
6900 67
7000 67
7100 68
7200 69
7300 70
7400 71
7500 72
7600 73
7700 74
7800 75
7900 76
8000 77
8100 78
8200 79
8300 80
8400 81
8500 82
8600 83
8700 84
8800 85
8900 86
9000 87
9100 88
9200 89
9300 90
9400 91
9500 92
9600 93
9700 94
9800 95
9900 96
10000 97
