100 0
200 0
300 0
400 0
500 0
600 0
700 1
800 1
900 1
1000 1
1100 1
1200 1
1300 2
1400 1
1500 1
1600 1
1700 1
1800 1
1900 1
2000 1
2100 0
2200 0
2300 1
2400 1
2500 1
2600 1
2700 2
2800 2
2900 3
3000 3
3100 3
3200 3
3300 3
3400 3
3500 3
3600 3
3700 3
3800 3
3900 3
4000 3
4100 3
4200 3
4300 4
4400 4
4500 4
4600 4
4700 4
4800 4
4900 4
5000 4
5100 5
5200 5
5300 5
5400 5
5500 5
5600 4
5700 3
5800 2
5900 2
6000 2
6100 2
6200 2
6300 2
6400 3
6500 3
6600 4
6700 4
6800 5
6900 6
7000 5
7100 5
7200 5
7300 5
7400 4
7500 4
7600 4
7700 4
7800 4
7900 4
8000 5
8100 4
8200 4
8300 5
8400 5
8500 5
8600 5
8700 5
8800 5
8900 5
9000 5
9100 5
9200 1
9300 1
9400 2
9500 2
9600 2
9700 2
9800 2
9900 2
10000 2
