100 1
200 2
300 2
400 3
500 4
600 5
700 6
800 7
900 8
1000 9
1100 11
1200 12
1300 12
1400 13
1500 14
1600 15
1700 17
1800 17
1900 18
2000 19
2100 20
2200 21
2300 21
2400 22
2500 23
2600 25
2700 26
2800 26
2900 27
3000 28
3100 29
3200 30
3300 32
3400 33
3500 34
3600 35
3700 36
3800 36
3900 38
4000 39
4100 39
4200 39
4300 40
4400 41
4500 42
4600 43
4700 44
4800 46
4900 46
5000 47
5100 47
5200 47
5300 48
5400 49
5500 50
5600 50
5700 51
5800 51
5900 52
6000 53
6100 54
6200 55
6300 56
6400 56
6500 57
6600 57
6700 59
6800 61
6900 61
7000 63
7100 65
7200 66
7300 66
7400 67
7500 67
7600 67
7700 68
7800 68
7900 69
8000 70
8100 70
8200 71
8300 72
8400 73
8500 73
8600 75
8700 76
8800 77
8900 77
9000 78
9100 78
9200 79
9300 80
9400 80
9500 81
9600 81
9700 82
9800 83
9900 84
10000 85
