100 1
200 1
300 2
400 2
500 2
600 1
700 2
800 1
900 2
1000 1
1100 2
1200 2
1300 1
1400 1
1500 1
1600 2
1700 2
1800 2
1900 1
2000 1
2100 2
2200 1
2300 2
2400 1
2500 1
2600 1
2700 1
2800 2
2900 2
3000 2
3100 1
3200 2
3300 1
3400 1
3500 2
3600 1
3700 2
3800 1
3900 2
4000 2
4100 2
4200 2
4300 1
4400 2
4500 1
4600 2
4700 2
4800 1
4900 1
5000 1
5100 1
5200 1
5300 2
5400 2
5500 2
5600 2
5700 2
5800 2
5900 1
6000 2
6100 1
6200 2
6300 2
6400 2
6500 2
6600 1
6700 1
6800 1
6900 1
7000 2
7100 2
7200 1
7300 2
7400 1
7500 1
7600 2
7700 2
7800 1
7900 1
8000 2
8100 1
8200 2
8300 1
8400 1
8500 1
8600 2
8700 2
8800 1
8900 2
9000 1
9100 1
9200 1
9300 1
9400 1
9500 2
9600 1
9700 2
9800 2
9900 2
10000 2
