100 2
200 1
300 1
400 2
500 1
600 2
700 1
800 2
900 2
1000 1
1100 1
1200 1
1300 1
1400 2
1500 1
1600 1
1700 2
1800 1
1900 1
2000 1
2100 2
2200 1
2300 1
2400 1
2500 2
2600 2
2700 2
2800 1
2900 1
3000 1
3100 2
3200 2
3300 2
3400 2
3500 2
3600 2
3700 2
3800 2
3900 1
4000 1
4100 2
4200 2
4300 1
4400 2
4500 1
4600 1
4700 1
4800 2
4900 2
5000 1
5100 1
5200 2
5300 2
5400 1
5500 1
5600 1
5700 1
5800 2
5900 2
6000 2
6100 1
6200 2
6300 1
6400 2
6500 2
6600 1
6700 2
6800 1
6900 1
7000 2
7100 2
7200 2
7300 1
7400 2
7500 2
7600 2
7700 2
7800 2
7900 2
8000 1
8100 2
8200 2
8300 2
8400 2
8500 2
8600 2
8700 1
8800 2
8900 1
9000 2
9100 1
9200 1
9300 1
9400 1
9500 2
9600 2
9700 2
9800 1
9900 2
10000 2
