100 1
200 1
300 2
400 3
500 4
600 4
700 5
800 6
900 7
1000 8
1100 8
1200 9
1300 9
1400 10
1500 12
1600 12
1700 13
1800 13
1900 13
2000 13
2100 12
2200 14
2300 14
2400 15
2500 14
2600 11
2700 13
2800 14
2900 14
3000 15
3100 15
3200 16
3300 14
3400 13
3500 14
3600 17
3700 17
3800 18
3900 18
4000 19
4100 19
4200 20
4300 21
4400 22
4500 25
4600 27
4700 29
4800 30
4900 32
5000 33
5100 33
5200 34
5300 34
5400 36
5500 38
5600 38
5700 39
5800 39
5900 39
6000 40
6100 41
6200 44
6300 45
6400 46
6500 48
6600 49
6700 51
6800 52
6900 53
7000 54
7100 54
7200 55
7300 56
7400 56
7500 58
7600 59
7700 59
7800 60
7900 61
8000 49
8100 49
8200 50
8300 52
8400 53
8500 53
8600 55
8700 55
8800 55
8900 56
9000 57
9100 58
9200 59
9300 60
9400 61
9500 61
9600 59
9700 61
9800 63
9900 62
10000 65
