100 9
200 18
300 27
400 36
500 44
600 51
700 58
800 66
900 73
1000 79
1100 85
1200 91
1300 97
1400 104
1500 110
1600 116
1700 122
1800 127
1900 133
2000 136
2100 141
2200 145
2300 151
2400 155
2500 160
2600 164
2700 168
2800 173
2900 176
3000 179
3100 184
3200 189
3300 194
3400 197
3500 203
3600 208
3700 212
3800 214
3900 215
4000 219
4100 221
4200 221
4300 223
4400 227
4500 228
4600 230
4700 225
4800 227
4900 229
5000 232
5100 235
5200 238
5300 244
5400 246
5500 251
5600 252
5700 252
5800 246
5900 242
6000 245
6100 250
6200 253
6300 255
6400 260
6500 265
6600 270
6700 274
6800 274
6900 277
7000 280
7100 285
7200 284
7300 288
7400 286
7500 286
7600 286
7700 287
7800 281
7900 284
8000 281
8100 284
8200 284
8300 287
8400 271
8500 264
8600 266
8700 269
8800 270
8900 273
9000 278
9100 280
9200 281
9300 285
9400 279
9500 266
9600 263
9700 257
9800 254
9900 254
10000 253
