100 8
200 17
300 27
400 36
500 44
600 54
700 61
800 69
900 78
1000 88
1100 96
1200 106
1300 118
1400 128
1500 139
1600 146
1700 159
1800 167
1900 175
2000 183
2100 196
2200 206
2300 217
2400 225
2500 233
2600 241
2700 242
2800 253
2900 263
3000 273
3100 290
3200 298
3300 307
3400 317
3500 322
3600 334
3700 343
3800 345
3900 350
4000 363
4100 375
4200 373
4300 385
4400 394
4500 404
4600 406
4700 420
4800 434
4900 440
5000 455
5100 450
5200 453
5300 460
5400 474
5500 481
5600 443
5700 417
5800 412
5900 418
6000 423
6100 339
6200 345
6300 330
6400 311
6500 322
6600 328
6700 331
6800 333
6900 338
7000 336
7100 344
7200 345
7300 344
7400 353
7500 304
7600 298
7700 273
7800 276
7900 253
8000 261
8100 272
8200 236
8300 240
8400 234
8500 237
8600 249
8700 260
8800 265
8900 268
9000 274
9100 279
9200 276
9300 287
9400 297
9500 286
9600 293
9700 292
9800 300
9900 307
10000 303
