100 0
200 2
300 3
400 4
500 5
600 6
700 8
800 8
900 8
1000 9
1100 9
1200 10
1300 10
1400 11
1500 12
1600 12
1700 14
1800 15
1900 17
2000 18
2100 20
2200 19
2300 19
2400 20
2500 21
2600 23
2700 23
2800 24
2900 28
3000 27
3100 29
3200 29
3300 31
3400 32
3500 30
3600 30
3700 32
3800 33
3900 34
4000 34
4100 36
4200 38
4300 39
4400 41
4500 42
4600 38
4700 39
4800 40
4900 42
5000 43
5100 45
5200 48
5300 48
5400 51
5500 53
5600 35
5700 36
5800 37
5900 39
6000 38
6100 38
6200 39
6300 40
6400 41
6500 34
6600 34
6700 35
6800 35
6900 36
7000 37
7100 39
7200 39
7300 40
7400 40
7500 42
7600 44
7700 44
7800 43
7900 45
8000 46
8100 47
8200 48
8300 50
8400 51
8500 52
8600 45
8700 46
8800 47
8900 47
9000 49
9100 50
9200 50
9300 46
9400 47
9500 49
9600 49
9700 37
9800 39
9900 39
10000 38
