100 7
200 12
300 16
400 19
500 21
600 23
700 27
800 32
900 36
1000 40
1100 40
1200 34
1300 34
1400 35
1500 36
1600 32
1700 28
1800 30
1900 22
2000 25
2100 25
2200 29
2300 30
2400 31
2500 33
2600 32
2700 26
2800 22
2900 26
3000 26
3100 28
3200 29
3300 26
3400 23
3500 21
3600 20
3700 22
3800 25
3900 29
4000 32
4100 31
4200 33
4300 33
4400 35
4500 38
4600 34
4700 29
4800 28
4900 30
5000 25
5100 28
5200 32
5300 33
5400 31
5500 32
5600 33
5700 34
5800 31
5900 31
6000 33
6100 34
6200 24
6300 26
6400 26
6500 28
6600 30
6700 31
6800 34
6900 36
7000 35
7100 37
7200 31
7300 32
7400 38
7500 41
7600 39
7700 41
7800 41
7900 35
8000 32
8100 35
8200 34
8300 33
8400 34
8500 38
8600 38
8700 43
8800 46
8900 49
9000 45
9100 37
9200 27
9300 23
9400 26
9500 29
9600 24
9700 22
9800 24
9900 21
10000 25
