100 0
200 1
300 2
400 3
500 4
600 5
700 6
800 7
900 8
1000 9
1100 10
1200 11
1300 12
1400 13
1500 14
1600 15
1700 16
1800 16
1900 17
2000 18
2100 19
2200 20
2300 21
2400 22
2500 22
2600 23
2700 24
2800 25
2900 25
3000 26
3100 27
3200 28
3300 29
3400 30
3500 31
3600 31
3700 33
3800 33
3900 34
4000 35
4100 36
4200 37
4300 38
4400 38
4500 39
4600 40
4700 41
4800 41
4900 43
5000 43
5100 44
5200 45
5300 46
5400 47
5500 47
5600 48
5700 49
5800 50
5900 50
6000 51
6100 52
6200 53
6300 53
6400 54
6500 55
6600 56
6700 57
6800 57
6900 58
7000 59
7100 60
7200 60
7300 61
7400 61
7500 62
7600 63
7700 64
7800 64
7900 65
8000 66
8100 67
8200 67
8300 68
8400 68
8500 69
8600 70
8700 70
8800 71
8900 71
9000 72
9100 72
9200 73
9300 74
9400 75
9500 75
9600 76
9700 76
9800 77
9900 77
10000 78
