100 0
200 0
300 0
400 0
500 0
600 0
700 0
800 0
900 0
1000 0
1100 0
1200 0
1300 0
1400 0
1500 0
1600 1
1700 0
1800 0
1900 0
2000 1
2100 1
2200 1
2300 1
2400 2
2500 2
2600 2
2700 2
2800 3
2900 2
3000 2
3100 2
3200 2
3300 2
3400 2
3500 2
3600 2
3700 2
3800 2
3900 1
4000 2
4100 2
4200 1
4300 1
4400 2
4500 1
4600 1
4700 2
4800 2
4900 2
5000 2
5100 2
5200 1
5300 2
5400 2
5500 2
5600 2
5700 2
5800 2
5900 2
6000 3
6100 3
6200 3
6300 3
6400 3
6500 3
6600 4
6700 3
6800 3
6900 3
7000 3
7100 4
7200 4
7300 4
7400 4
7500 4
7600 4
7700 5
7800 5
7900 5
8000 5
8100 5
8200 6
8300 6
8400 6
8500 6
8600 6
8700 6
8800 7
8900 7
9000 7
9100 8
9200 7
9300 7
9400 2
9500 2
9600 2
9700 2
9800 2
9900 2
10000 2
