100 1
200 1
300 2
400 3
500 4
600 6
700 7
800 8
900 9
1000 10
1100 11
1200 12
1300 13
1400 14
1500 14
1600 15
1700 16
1800 17
1900 18
2000 20
2100 21
2200 21
2300 22
2400 23
2500 24
2600 24
2700 25
2800 26
2900 28
3000 29
3100 29
3200 31
3300 32
3400 33
3500 34
3600 35
3700 36
3800 37
3900 37
4000 39
4100 39
4200 40
4300 41
4400 42
4500 44
4600 45
4700 45
4800 46
4900 47
5000 48
5100 49
5200 50
5300 51
5400 52
5500 53
5600 54
5700 55
5800 56
5900 56
6000 57
6100 59
6200 60
6300 62
6400 63
6500 63
6600 64
6700 64
6800 65
6900 66
7000 68
7100 68
7200 69
7300 70
7400 70
7500 72
7600 73
7700 74
7800 76
7900 76
8000 78
8100 80
8200 81
8300 82
8400 83
8500 83
8600 84
8700 85
8800 86
8900 86
9000 87
9100 88
9200 89
9300 89
9400 88
9500 89
9600 90
9700 91
9800 91
9900 92
10000 92
