100 0
200 2
300 2
400 3
500 4
600 5
700 6
800 7
900 8
1000 9
1100 10
1200 11
1300 12
1400 13
1500 14
1600 15
1700 16
1800 17
1900 18
2000 19
2100 20
2200 22
2300 23
2400 24
2500 25
2600 26
2700 27
2800 28
2900 28
3000 30
3100 30
3200 31
3300 32
3400 33
3500 34
3600 35
3700 36
3800 37
3900 38
4000 39
4100 40
4200 41
4300 42
4400 43
4500 45
4600 45
4700 46
4800 47
4900 49
5000 50
5100 50
5200 51
5300 52
5400 53
5500 54
5600 55
5700 56
5800 57
5900 58
6000 59
6100 60
6200 61
6300 63
6400 64
6500 65
6600 66
6700 66
6800 67
6900 68
7000 69
7100 70
7200 71
7300 72
7400 72
7500 74
7600 75
7700 76
7800 76
7900 77
8000 78
8100 79
8200 80
8300 81
8400 82
8500 83
8600 83
8700 84
8800 85
8900 86
9000 87
9100 88
9200 89
9300 90
9400 90
9500 92
9600 92
9700 94
9800 94
9900 95
10000 96
