100 7
200 13
300 16
400 18
500 20
600 21
700 20
800 21
900 24
1000 25
1100 26
1200 28
1300 27
1400 29
1500 31
1600 33
1700 35
1800 35
1900 36
2000 37
2100 37
2200 34
2300 34
2400 32
2500 33
2600 35
2700 33
2800 35
2900 36
3000 37
3100 33
3200 29
3300 28
3400 29
3500 28
3600 29
3700 31
3800 33
3900 33
4000 34
4100 30
4200 29
4300 29
4400 25
4500 26
4600 27
4700 27
4800 29
4900 30
5000 30
5100 28
5200 27
5300 28
5400 29
5500 30
5600 30
5700 29
5800 28
5900 29
6000 31
6100 33
6200 32
6300 33
6400 31
6500 34
6600 34
6700 34
6800 31
6900 30
7000 31
7100 33
7200 33
7300 34
7400 35
7500 35
7600 35
7700 35
7800 35
7900 36
8000 34
8100 33
8200 36
8300 37
8400 37
8500 36
8600 37
8700 37
8800 37
8900 39
9000 40
9100 41
9200 42
9300 42
9400 41
9500 39
9600 35
9700 35
9800 34
9900 34
10000 33
