100 10
200 20
300 32
400 39
500 50
600 59
700 68
800 77
900 88
1000 101
1100 113
1200 122
1300 130
1400 142
1500 152
1600 163
1700 174
1800 182
1900 190
2000 199
2100 203
2200 215
2300 219
2400 226
2500 235
2600 244
2700 251
2800 258
2900 269
3000 280
3100 287
3200 281
3300 283
3400 288
3500 294
3600 301
3700 310
3800 320
3900 310
4000 315
4100 322
4200 329
4300 333
4400 335
4500 329
4600 329
4700 306
4800 312
4900 307
5000 314
5100 291
5200 300
5300 313
5400 323
5500 335
5600 342
5700 336
5800 335
5900 331
6000 334
6100 339
6200 354
6300 368
6400 378
6500 394
6600 393
6700 399
6800 415
6900 389
7000 369
7100 379
7200 364
7300 360
7400 365
7500 313
7600 319
7700 319
7800 286
7900 291
8000 295
8100 296
8200 306
8300 305
8400 306
8500 306
8600 303
8700 293
8800 304
8900 316
9000 320
9100 330
9200 343
9300 344
9400 346
9500 356
9600 361
9700 360
9800 358
9900 362
10000 342
