100 0
200 2
300 3
400 4
500 5
600 6
700 6
800 8
900 8
1000 10
1100 11
1200 13
1300 13
1400 13
1500 13
1600 14
1700 15
1800 16
1900 18
2000 19
2100 20
2200 21
2300 22
2400 23
2500 24
2600 25
2700 26
2800 26
2900 28
3000 29
3100 29
3200 30
3300 29
3400 30
3500 32
3600 31
3700 32
3800 33
3900 34
4000 28
4100 29
4200 31
4300 34
4400 36
4500 34
4600 36
4700 37
4800 37
4900 37
5000 39
5100 41
5200 41
5300 42
5400 44
5500 44
5600 45
5700 45
5800 47
5900 46
6000 47
6100 48
6200 48
6300 46
6400 48
6500 49
6600 49
6700 51
6800 49
6900 50
7000 51
7100 52
7200 51
7300 43
7400 45
7500 46
7600 47
7700 26
7800 28
7900 28
8000 29
8100 31
8200 33
8300 32
8400 33
8500 36
8600 37
8700 38
8800 39
8900 42
9000 43
9100 45
9200 45
9300 43
9400 44
9500 45
9600 46
9700 47
9800 48
9900 49
10000 52
