100 0
200 0
300 0
400 0
500 0
600 0
700 0
800 0
900 0
1000 0
1100 1
1200 1
1300 1
1400 1
1500 1
1600 1
1700 1
1800 1
1900 1
2000 1
2100 2
2200 2
2300 2
2400 2
2500 2
2600 2
2700 2
2800 2
2900 2
3000 2
3100 2
3200 2
3300 3
3400 3
3500 3
3600 3
3700 3
3800 3
3900 3
4000 3
4100 3
4200 3
4300 3
4400 3
4500 4
4600 4
4700 4
4800 4
4900 4
5000 4
5100 4
5200 4
5300 4
5400 4
5500 4
5600 5
5700 5
5800 5
5900 5
6000 5
6100 5
6200 5
6300 5
6400 5
6500 5
6600 5
6700 6
6800 6
6900 6
7000 6
7100 6
7200 6
7300 6
7400 6
7500 6
7600 6
7700 6
7800 6
7900 6
8000 7
8100 7
8200 7
8300 7
8400 7
8500 7
8600 7
8700 7
8800 7
8900 7
9000 7
9100 7
9200 7
9300 7
9400 7
9500 7
9600 7
9700 7
9800 7
9900 7
10000 7
