100 9
200 19
300 29
400 39
500 49
600 59
700 69
800 78
900 86
1000 97
1100 107
1200 117
1300 125
1400 135
1500 145
1600 155
1700 164
1800 174
1900 183
2000 192
2100 201
2200 210
2300 219
2400 230
2500 239
2600 249
2700 259
2800 268
2900 277
3000 287
3100 294
3200 304
3300 313
3400 321
3500 329
3600 338
3700 346
3800 354
3900 364
4000 374
4100 383
4200 392
4300 399
4400 406
4500 414
4600 422
4700 430
4800 436
4900 444
5000 452
5100 461
5200 469
5300 476
5400 485
5500 493
5600 500
5700 508
5800 517
5900 522
6000 531
6100 540
6200 549
6300 558
6400 567
6500 574
6600 582
6700 589
6800 597
6900 606
7000 613
7100 621
7200 631
7300 641
7400 648
7500 655
7600 663
7700 672
7800 679
7900 686
8000 693
8100 702
8200 707
8300 715
8400 722
8500 730
8600 735
8700 743
8800 752
8900 759
9000 768
9100 774
9200 785
9300 792
9400 799
9500 804
9600 812
9700 817
9800 826
9900 835
10000 842
